 ******************************************
        Entropy-based Gully erosion        
              model - V 0.2                
                                           
        TUB - Institut fur Okologie        
          UFC - PPGEA - Hidrosed           
                                           
            Pedro Alencar, 2020            
                                           
 ******************************************
  
The number of Manning of the channel is....        0.0400
The declivity of the hillslope is..........        0.0500
The critical shear stress is...............        3.5000
The rill erodibility coefficient is........        0.0210
The soil Bulk density is...................     1700.0000
The porosity of the soil is................        0.3580
The depth of the nonerodible layer is......        0.8970
The soil cohesion is.......................      600.0000
The internal friction angle is.............       24.0000
The threshold for wall erosion is..........        0.0000
The number of rainfall events is...........           970
  
  event   discharge(m3)    depth (m)    width (m)     area (m2)    lambda_wall    lambda_bed
     1        0.0016        0.1760        0.0000        0.0000             -             -
     2        0.0152        0.6886        0.1744        0.1201             -             -
     3        0.0192        0.8970        0.2552        0.2289      -98.9795      -98.9795
     4        0.0028        0.8970        0.2580        0.2314      -14.9915      -15.1207
     5        0.0152        0.8970        0.2945        0.2641      -10.1011       -6.4466
     6        0.0017        0.8970        0.2952        0.2648      -98.9795      -98.9795
     7        0.0004        0.8970        0.2952        0.2648      -98.9795      -98.9795
     8        0.0002        0.8970        0.2952        0.2648      -98.9795      -98.9795
     9        0.0017        0.8970        0.2959        0.2655      -98.9795      -98.9795
    10        0.0120        0.8970        0.3173        0.2846       -8.2741       -6.3643
    11        0.0029        0.8970        0.3194        0.2865      -72.7352      -98.9795
    12        0.0241        0.8970        0.3696        0.3316       -9.3966       -6.2634
    13        0.0004        0.8970        0.3696        0.3316      -98.9795      -98.9795
    14        0.0008        0.8970        0.3696        0.3316      -98.9795      -98.9795
    15        0.0049        0.8970        0.3735        0.3350      -38.4362      -69.1804
    16        0.0253        0.8970        0.4162        0.3733       -8.3240       -6.2054
    17        0.0074        0.8970        0.4222        0.3787      -28.0115      -37.7852
    18        0.0050        0.8970        0.4253        0.3815      -98.9795      -98.9795
    19        0.0237        0.8970        0.4570        0.4100       -8.6411       -7.0968
    20        0.0126        0.8970        0.4683        0.4201      -16.0378      -16.5516
    21        0.0058        0.8970        0.4716        0.4230      -98.9795      -98.9795
    22        0.0237        0.8970        0.4983        0.4470       -9.6927       -8.4594
    23        0.0042        0.8970        0.4997        0.4482      -98.9795      -98.9795
    24        0.0021        0.8970        0.4998        0.4483      -98.9795      -98.9795
    25        0.0103        0.8970        0.5073        0.4550      -50.8640      -98.9795
    26        0.0035        0.8970        0.5081        0.4558      -98.9795      -98.9795
    27        0.0245        0.8970        0.5327        0.4779      -10.7849       -9.7883
    28        0.0310        0.8970        0.5649        0.5067      -10.0177       -8.8569
    29        0.0211        0.8970        0.5822        0.5222      -17.2656      -18.2976
    30        0.0011        0.8970        0.5822        0.5222      -98.9795      -98.9795
    31        0.0043        0.8970        0.5831        0.5230      -98.9795      -98.9795
    32        0.0015        0.8970        0.5831        0.5230      -98.9795      -98.9795
    33        0.0021        0.8970        0.5831        0.5230      -98.9795      -98.9795
    34        0.0008        0.8970        0.5831        0.5230      -98.9795      -98.9795
    35        0.0028        0.8970        0.5832        0.5231      -98.9795      -98.9795
    36        0.0211        0.8970        0.5998        0.5380      -19.9867      -22.4574
    37        0.0152        0.8970        0.6099        0.5471      -98.9795      -98.9795
    38        0.0108        0.8970        0.6156        0.5522      -98.9795      -98.9795
    39        0.0049        0.8970        0.6166        0.5531      -98.9795      -98.9795
    40        0.0066        0.8970        0.6188        0.5551      -98.9795      -98.9795
    41        0.0015        0.8970        0.6188        0.5551      -98.9795      -98.9795
    42        0.0215        0.8970        0.6345        0.5692      -27.3499      -36.3066
    43        0.0160        0.8970        0.6445        0.5781      -98.9795      -98.9795
    44        0.0228        0.8970        0.6606        0.5926      -31.6391      -46.7908
    45        0.0066        0.8970        0.6624        0.5942      -98.9795      -98.9795
    46        0.0028        0.8970        0.6624        0.5942      -98.9795      -98.9795
    47        0.0380        0.8970        0.6930        0.6216      -13.8489      -13.6122
    48        0.0028        0.8970        0.6930        0.6216      -98.9795      -98.9795
    49        0.0028        0.8970        0.6930        0.6216      -98.9795      -98.9795
    50        0.0108        0.8970        0.6973        0.6255      -98.9795      -98.9795
    51        0.0195        0.8970        0.7087        0.6357      -98.9795      -98.9795
    52        0.0001        0.8970        0.7087        0.6357      -98.9795      -98.9795
    53        0.0042        0.8970        0.7090        0.6360      -98.9795      -98.9795
    54        0.0028        0.8970        0.7090        0.6360      -98.9795      -98.9795
    55        0.0034        0.8970        0.7091        0.6360      -98.9795      -98.9795
    56        0.0126        0.8970        0.7145        0.6409      -98.9795      -98.9795
    57        0.0050        0.8970        0.7151        0.6415      -98.9795      -98.9795
    58        0.0084        0.8970        0.7176        0.6437      -98.9795      -98.9795
    59        0.0160        0.8970        0.7254        0.6507      -98.9795      -98.9795
    60        0.0015        0.8970        0.7254        0.6507      -98.9795      -98.9795
    61        0.0023        0.8970        0.7254        0.6507      -98.9795      -98.9795
    62        0.0060        0.8970        0.7265        0.6517      -98.9795      -98.9795
    63        0.0004        0.8970        0.7265        0.6517      -98.9795      -98.9795
    64        0.0019        0.8970        0.7265        0.6517      -98.9795      -98.9795
    65        0.0028        0.8970        0.7265        0.6517      -98.9795      -98.9795
    66        0.0034        0.8970        0.7265        0.6517      -98.9795      -98.9795
    67        0.0083        0.8970        0.7288        0.6537      -98.9795      -98.9795
    68        0.0040        0.8970        0.7290        0.6539      -98.9795      -98.9795
    69        0.0111        0.8970        0.7331        0.6575      -98.9795      -98.9795
    70        0.0010        0.8970        0.7331        0.6575      -98.9795      -98.9795
    71        0.0001        0.8970        0.7331        0.6575      -98.9795      -98.9795
    72        0.0002        0.8970        0.7331        0.6575      -98.9795      -98.9795
    73        0.0192        0.8970        0.7432        0.6667      -98.9795      -98.9795
    74        0.0041        0.8970        0.7434        0.6668      -98.9795      -98.9795
    75        0.0015        0.8970        0.7434        0.6668      -98.9795      -98.9795
    76        0.0017        0.8970        0.7434        0.6668      -98.9795      -98.9795
    77        0.0024        0.8970        0.7434        0.6668      -98.9795      -98.9795
    78        0.0152        0.8970        0.7502        0.6729      -98.9795      -98.9795
    79        0.0035        0.8970        0.7502        0.6729      -98.9795      -98.9795
    80        0.0029        0.8970        0.7502        0.6729      -98.9795      -98.9795
    81        0.0126        0.8970        0.7549        0.6772      -98.9795      -98.9795
    82        0.0134        0.8970        0.7602        0.6819      -98.9795      -98.9795
    83        0.0134        0.8970        0.7654        0.6865      -98.9795      -98.9795
    84        0.0164        0.8970        0.7726        0.6930      -98.9795      -98.9795
    85        0.0211        0.8970        0.7833        0.7026      -98.9795      -98.9795
    86        0.0015        0.8970        0.7833        0.7026      -98.9795      -98.9795
    87        0.0069        0.8970        0.7845        0.7037      -98.9795      -98.9795
    88        0.0100        0.8970        0.7872        0.7062      -98.9795      -98.9795
    89        0.0108        0.8970        0.7904        0.7090      -98.9795      -98.9795
    90        0.0043        0.8970        0.7906        0.7092      -98.9795      -98.9795
    91        0.0018        0.8970        0.7906        0.7092      -98.9795      -98.9795
    92        0.0032        0.8970        0.7906        0.7092      -98.9795      -98.9795
    93        0.0016        0.8970        0.7906        0.7092      -98.9795      -98.9795
    94        0.0387        0.8970        0.8156        0.7316      -33.3280      -51.5848
    95        0.0010        0.8970        0.8156        0.7316      -98.9795      -98.9795
    96        0.0002        0.8970        0.8156        0.7316      -98.9795      -98.9795
    97        0.0028        0.8970        0.8156        0.7316      -98.9795      -98.9795
    98        0.0015        0.8970        0.8156        0.7316      -98.9795      -98.9795
    99        0.0001        0.8970        0.8156        0.7316      -98.9795      -98.9795
   100        0.0001        0.8970        0.8156        0.7316      -98.9795      -98.9795
   101        0.0012        0.8970        0.8156        0.7316      -98.9795      -98.9795
   102        0.0087        0.8970        0.8175        0.7333      -98.9795      -98.9795
   103        0.0091        0.8970        0.8195        0.7351      -98.9795      -98.9795
   104        0.0018        0.8970        0.8195        0.7351      -98.9795      -98.9795
   105        0.0363        0.8970        0.8414        0.7547      -74.4058      -98.9795
   106        0.0134        0.8970        0.8455        0.7584      -98.9795      -98.9795
   107        0.0079        0.8970        0.8468        0.7596      -98.9795      -98.9795
   108        0.0045        0.8970        0.8469        0.7597      -98.9795      -98.9795
   109        0.0044        0.8970        0.8470        0.7597      -98.9795      -98.9795
   110        0.0001        0.8970        0.8470        0.7597      -98.9795      -98.9795
   111        0.0029        0.8970        0.8470        0.7597      -98.9795      -98.9795
   112        0.0108        0.8970        0.8496        0.7621      -98.9795      -98.9795
   113        0.0020        0.8970        0.8496        0.7621      -98.9795      -98.9795
   114        0.0454        0.8970        0.8778        0.7874      -37.4428      -65.3303
   115        0.0157        0.8970        0.8828        0.7919      -98.9795      -98.9795
   116        0.0528        0.8970        0.9154        0.8211      -31.5725      -46.6101
   117        0.0031        0.8970        0.9154        0.8211      -98.9795      -98.9795
   118        0.0197        0.8970        0.9223        0.8273      -98.9795      -98.9795
   119        0.0050        0.8970        0.9223        0.8273      -98.9795      -98.9795
   120        0.0220        0.8970        0.9305        0.8346      -98.9795      -98.9795
   121        0.0005        0.8970        0.9305        0.8346      -98.9795      -98.9795
   122        0.0001        0.8970        0.9305        0.8346      -98.9795      -98.9795
   123        0.0042        0.8970        0.9305        0.8346      -98.9795      -98.9795
   124        0.0128        0.8970        0.9334        0.8373      -98.9795      -98.9795
   125        0.0005        0.8970        0.9334        0.8373      -98.9795      -98.9795
   126        0.0001        0.8970        0.9334        0.8373      -98.9795      -98.9795
   127        0.0012        0.8970        0.9334        0.8373      -98.9795      -98.9795
   128        0.0163        0.8970        0.9381        0.8415      -98.9795      -98.9795
   129        0.0079        0.8970        0.9390        0.8423      -98.9795      -98.9795
   130        0.0108        0.8970        0.9410        0.8441      -98.9795      -98.9795
   131        0.0045        0.8970        0.9410        0.8441      -98.9795      -98.9795
   132        0.0055        0.8970        0.9411        0.8442      -98.9795      -98.9795
   133        0.0084        0.8970        0.9422        0.8451      -98.9795      -98.9795
   134        0.0077        0.8970        0.9430        0.8459      -98.9795      -98.9795
   135        0.0108        0.8970        0.9450        0.8476      -98.9795      -98.9795
   136        0.0134        0.8970        0.9481        0.8504      -98.9795      -98.9795
   137        0.0050        0.8970        0.9481        0.8505      -98.9795      -98.9795
   138        0.0180        0.8970        0.9535        0.8553      -98.9795      -98.9795
   139        0.0037        0.8970        0.9535        0.8553      -98.9795      -98.9795
   140        0.0012        0.8970        0.9535        0.8553      -98.9795      -98.9795
   141        0.0108        0.8970        0.9554        0.8570      -98.9795      -98.9795
   142        0.0069        0.8970        0.9559        0.8575      -98.9795      -98.9795
   143        0.0163        0.8970        0.9604        0.8614      -98.9795      -98.9795
   144        0.0020        0.8970        0.9604        0.8614      -98.9795      -98.9795
   145        0.0045        0.8970        0.9604        0.8614      -98.9795      -98.9795
   146        0.0058        0.8970        0.9606        0.8616      -98.9795      -98.9795
   147        0.0001        0.8970        0.9606        0.8616      -98.9795      -98.9795
   148        0.0037        0.8970        0.9606        0.8616      -98.9795      -98.9795
   149        0.0290        0.8970        0.9723        0.8722      -98.9795      -98.9795
   150        0.0525        0.8970        1.0007        0.8976      -98.9795      -98.9795
   151        0.0023        0.8970        1.0007        0.8976      -98.9795      -98.9795
   152        0.0022        0.8970        1.0007        0.8976      -98.9795      -98.9795
   153        0.0016        0.8970        1.0007        0.8976      -98.9795      -98.9795
   154        0.0022        0.8970        1.0007        0.8976      -98.9795      -98.9795
   155        0.0009        0.8970        1.0007        0.8976      -98.9795      -98.9795
   156        0.0006        0.8970        1.0007        0.8976      -98.9795      -98.9795
   157        0.0038        0.8970        1.0007        0.8976      -98.9795      -98.9795
   158        0.0003        0.8970        1.0007        0.8976      -98.9795      -98.9795
   159        0.0003        0.8970        1.0007        0.8976      -98.9795      -98.9795
   160        0.0128        0.8970        1.0031        0.8998      -98.9795      -98.9795
   161        0.0278        0.8970        1.0132        0.9089      -98.9795      -98.9795
   162        0.0044        0.8970        1.0132        0.9089      -98.9795      -98.9795
   163        0.0546        0.8970        1.0412        0.9340      -98.9795      -98.9795
   164        0.0492        0.8970        1.0642        0.9546      -98.9795      -98.9795
   165        0.0326        0.8970        1.0758        0.9650      -98.9795      -98.9795
   166        0.0001        0.8970        1.0758        0.9650      -98.9795      -98.9795
   167        0.0035        0.8970        1.0758        0.9650      -98.9795      -98.9795
   168        0.0095        0.8970        1.0767        0.9658      -98.9795      -98.9795
   169        0.0028        0.8970        1.0767        0.9658      -98.9795      -98.9795
   170        0.0357        0.8970        1.0899        0.9777      -98.9795      -98.9795
   171        0.0100        0.8970        1.0909        0.9785      -98.9795      -98.9795
   172        0.0162        0.8970        1.0941        0.9814      -98.9795      -98.9795
   173        0.0100        0.8970        1.0951        0.9823      -98.9795      -98.9795
   174        0.0007        0.8970        1.0951        0.9823      -98.9795      -98.9795
   175        0.0001        0.8970        1.0951        0.9823      -98.9795      -98.9795
   176        0.0208        0.8970        1.1001        0.9868      -98.9795      -98.9795
   177        0.0002        0.8970        1.1001        0.9868      -98.9795      -98.9795
   178        0.0196        0.8970        1.1046        0.9909      -98.9795      -98.9795
   179        0.0220        0.8970        1.1102        0.9958      -98.9795      -98.9795
   180        0.0069        0.8970        1.1103        0.9959      -98.9795      -98.9795
   181        0.0393        0.8970        1.1248        1.0089      -98.9795      -98.9795
   182        0.0016        0.8970        1.1248        1.0089      -98.9795      -98.9795
   183        0.0009        0.8970        1.1248        1.0089      -98.9795      -98.9795
   184        0.0066        0.8970        1.1248        1.0090      -98.9795      -98.9795
   185        0.0030        0.8970        1.1248        1.0090      -98.9795      -98.9795
   186        0.0016        0.8970        1.1248        1.0090      -98.9795      -98.9795
   187        0.0006        0.8970        1.1248        1.0090      -98.9795      -98.9795
   188        0.0001        0.8970        1.1248        1.0090      -98.9795      -98.9795
   189        0.0027        0.8970        1.1248        1.0090      -98.9795      -98.9795
   190        0.0038        0.8970        1.1248        1.0090      -98.9795      -98.9795
   191        0.0046        0.8970        1.1248        1.0090      -98.9795      -98.9795
   192        0.0023        0.8970        1.1248        1.0090      -98.9795      -98.9795
   193        0.0034        0.8970        1.1248        1.0090      -98.9795      -98.9795
   194        0.0032        0.8970        1.1248        1.0090      -98.9795      -98.9795
   195        0.0197        0.8970        1.1292        1.0128      -98.9795      -98.9795
   196        0.0052        0.8970        1.1292        1.0128      -98.9795      -98.9795
   197        0.0012        0.8970        1.1292        1.0128      -98.9795      -98.9795
   198        0.0009        0.8970        1.1292        1.0128      -98.9795      -98.9795
   199        0.0012        0.8970        1.1292        1.0128      -98.9795      -98.9795
   200        0.0492        0.8970        1.1490        1.0307      -98.9795      -98.9795
   201        0.0021        0.8970        1.1490        1.0307      -98.9795      -98.9795
   202        0.0003        0.8970        1.1490        1.0307      -98.9795      -98.9795
   203        0.0059        0.8970        1.1490        1.0307      -98.9795      -98.9795
   204        0.0023        0.8970        1.1490        1.0307      -98.9795      -98.9795
   205        0.0606        0.8970        1.1754        1.0543      -98.9795      -98.9795
   206        0.0121        0.8970        1.1767        1.0555      -98.9795      -98.9795
   207        0.0150        0.8970        1.1789        1.0574      -98.9795      -98.9795
   208        0.0058        0.8970        1.1789        1.0574      -98.9795      -98.9795
   209        0.0044        0.8970        1.1789        1.0574      -98.9795      -98.9795
   210        0.0044        0.8970        1.1789        1.0574      -98.9795      -98.9795
   211        0.0016        0.8970        1.1789        1.0574      -98.9795      -98.9795
   212        0.0074        0.8970        1.1790        1.0576      -98.9795      -98.9795
   213        0.0002        0.8970        1.1790        1.0576      -98.9795      -98.9795
   214        0.0381        0.8970        1.1913        1.0686      -98.9795      -98.9795
   215        0.0221        0.8970        1.1959        1.0728      -98.9795      -98.9795
   216        0.0018        0.8970        1.1959        1.0728      -98.9795      -98.9795
   217        0.0027        0.8970        1.1959        1.0728      -98.9795      -98.9795
   218        0.0056        0.8970        1.1959        1.0728      -98.9795      -98.9795
   219        0.0044        0.8970        1.1959        1.0728      -98.9795      -98.9795
   220        0.0288        0.8970        1.2034        1.0794      -98.9795      -98.9795
   221        0.0002        0.8970        1.2034        1.0794      -98.9795      -98.9795
   222        0.0187        0.8970        1.2067        1.0824      -98.9795      -98.9795
   223        0.0039        0.8970        1.2067        1.0824      -98.9795      -98.9795
   224        0.0005        0.8970        1.2067        1.0824      -98.9795      -98.9795
   225        0.0001        0.8970        1.2067        1.0824      -98.9795      -98.9795
   226        0.0202        0.8970        1.2105        1.0858      -98.9795      -98.9795
   227        0.0064        0.8970        1.2105        1.0858      -98.9795      -98.9795
   228        0.0020        0.8970        1.2105        1.0858      -98.9795      -98.9795
   229        0.0006        0.8970        1.2105        1.0858      -98.9795      -98.9795
   230        0.0001        0.8970        1.2105        1.0858      -98.9795      -98.9795
   231        0.0005        0.8970        1.2105        1.0858      -98.9795      -98.9795
   232        0.0071        0.8970        1.2105        1.0858      -98.9795      -98.9795
   233        0.0064        0.8970        1.2105        1.0858      -98.9795      -98.9795
   234        0.0055        0.8970        1.2105        1.0858      -98.9795      -98.9795
   235        0.0075        0.8970        1.2106        1.0859      -98.9795      -98.9795
   236        0.0048        0.8970        1.2106        1.0859      -98.9795      -98.9795
   237        0.0007        0.8970        1.2106        1.0859      -98.9795      -98.9795
   238        0.0371        0.8970        1.2218        1.0959      -98.9795      -98.9795
   239        0.0044        0.8970        1.2218        1.0959      -98.9795      -98.9795
   240        0.0016        0.8970        1.2218        1.0959      -98.9795      -98.9795
   241        0.0121        0.8970        1.2229        1.0969      -98.9795      -98.9795
   242        0.0051        0.8970        1.2229        1.0969      -98.9795      -98.9795
   243        0.0420        0.8970        1.2362        1.1089      -98.9795      -98.9795
   244        0.0052        0.8970        1.2362        1.1089      -98.9795      -98.9795
   245        0.0006        0.8970        1.2362        1.1089      -98.9795      -98.9795
   246        0.0026        0.8970        1.2362        1.1089      -98.9795      -98.9795
   247        0.0009        0.8970        1.2362        1.1089      -98.9795      -98.9795
   248        0.0019        0.8970        1.2362        1.1089      -98.9795      -98.9795
   249        0.0003        0.8970        1.2362        1.1089      -98.9795      -98.9795
   250        0.0507        0.8970        1.2539        1.1247      -98.9795      -98.9795
   251        0.0098        0.8970        1.2543        1.1251      -98.9795      -98.9795
   252        0.0049        0.8970        1.2543        1.1251      -98.9795      -98.9795
   253        0.0198        0.8970        1.2577        1.1281      -98.9795      -98.9795
   254        0.0025        0.8970        1.2577        1.1281      -98.9795      -98.9795
   255        0.0018        0.8970        1.2577        1.1281      -98.9795      -98.9795
   256        0.0012        0.8970        1.2577        1.1281      -98.9795      -98.9795
   257        0.0087        0.8970        1.2579        1.1283      -98.9795      -98.9795
   258        0.0143        0.8970        1.2595        1.1298      -98.9795      -98.9795
   259        0.0028        0.8970        1.2595        1.1298      -98.9795      -98.9795
   260        0.0088        0.8970        1.2597        1.1300      -98.9795      -98.9795
   261        0.0010        0.8970        1.2597        1.1300      -98.9795      -98.9795
   262        0.0012        0.8970        1.2597        1.1300      -98.9795      -98.9795
   263        0.0090        0.8970        1.2600        1.1302      -98.9795      -98.9795
   264        0.0003        0.8970        1.2600        1.1302      -98.9795      -98.9795
   265        0.0072        0.8970        1.2600        1.1302      -98.9795      -98.9795
   266        0.0060        0.8970        1.2600        1.1302      -98.9795      -98.9795
   267        0.0672        0.8970        1.2862        1.1537      -98.9795      -98.9795
   268        0.0541        0.8970        1.3043        1.1700      -98.9795      -98.9795
   269        0.0404        0.8970        1.3153        1.1799      -98.9795      -98.9795
   270        0.0067        0.8970        1.3153        1.1799      -98.9795      -98.9795
   271        0.0077        0.8970        1.3153        1.1799      -98.9795      -98.9795
   272        0.0001        0.8970        1.3153        1.1799      -98.9795      -98.9795
   273        0.0031        0.8970        1.3153        1.1799      -98.9795      -98.9795
   274        0.0038        0.8970        1.3153        1.1799      -98.9795      -98.9795
   275        0.0121        0.8970        1.3162        1.1806      -98.9795      -98.9795
   276        0.0011        0.8970        1.3162        1.1806      -98.9795      -98.9795
   277        0.0044        0.8970        1.3162        1.1806      -98.9795      -98.9795
   278        0.0006        0.8970        1.3162        1.1806      -98.9795      -98.9795
   279        0.0104        0.8970        1.3166        1.1810      -98.9795      -98.9795
   280        0.0060        0.8970        1.3166        1.1810      -98.9795      -98.9795
   281        0.0057        0.8970        1.3166        1.1810      -98.9795      -98.9795
   282        0.0201        0.8970        1.3196        1.1837      -98.9795      -98.9795
   283        0.0025        0.8970        1.3196        1.1837      -98.9795      -98.9795
   284        0.0041        0.8970        1.3196        1.1837      -98.9795      -98.9795
   285        0.0177        0.8970        1.3219        1.1857      -98.9795      -98.9795
   286        0.0110        0.8970        1.3225        1.1863      -98.9795      -98.9795
   287        0.0236        0.8970        1.3266        1.1899      -98.9795      -98.9795
   288        0.0104        0.8970        1.3270        1.1903      -98.9795      -98.9795
   289        0.0021        0.8970        1.3270        1.1903      -98.9795      -98.9795
   290        0.0015        0.8970        1.3270        1.1903      -98.9795      -98.9795
   291        0.0027        0.8970        1.3270        1.1903      -98.9795      -98.9795
   292        0.0066        0.8970        1.3270        1.1903      -98.9795      -98.9795
   293        0.0201        0.8970        1.3300        1.1930      -98.9795      -98.9795
   294        0.0052        0.8970        1.3300        1.1930      -98.9795      -98.9795
   295        0.0461        0.8970        1.3431        1.2048      -98.9795      -98.9795
   296        0.0237        0.8970        1.3471        1.2084      -98.9795      -98.9795
   297        0.0004        0.8970        1.3471        1.2084      -98.9795      -98.9795
   298        0.0016        0.8970        1.3471        1.2084      -98.9795      -98.9795
   299        0.0001        0.8970        1.3471        1.2084      -98.9795      -98.9795
   300        0.0002        0.8970        1.3471        1.2084      -98.9795      -98.9795
   301        0.0795        0.8970        1.3770        1.2352      -98.9795      -98.9795
   302        0.0105        0.8970        1.3774        1.2355      -98.9795      -98.9795
   303        0.0006        0.8970        1.3774        1.2355      -98.9795      -98.9795
   304        0.0147        0.8970        1.3786        1.2366      -98.9795      -98.9795
   305        0.0186        0.8970        1.3808        1.2386      -98.9795      -98.9795
   306        0.0001        0.8970        1.3808        1.2386      -98.9795      -98.9795
   307        0.0002        0.8970        1.3808        1.2386      -98.9795      -98.9795
   308        0.0163        0.8970        1.3824        1.2400      -98.9795      -98.9795
   309        0.0066        0.8970        1.3824        1.2400      -98.9795      -98.9795
   310        0.0019        0.8970        1.3824        1.2400      -98.9795      -98.9795
   311        0.0050        0.8970        1.3824        1.2400      -98.9795      -98.9795
   312        0.0002        0.8970        1.3824        1.2400      -98.9795      -98.9795
   313        0.0008        0.8970        1.3824        1.2400      -98.9795      -98.9795
   314        0.0331        0.8970        1.3894        1.2463      -98.9795      -98.9795
   315        0.0108        0.8970        1.3897        1.2466      -98.9795      -98.9795
   316        0.0056        0.8970        1.3897        1.2466      -98.9795      -98.9795
   317        0.0276        0.8970        1.3947        1.2510      -98.9795      -98.9795
   318        0.0067        0.8970        1.3947        1.2510      -98.9795      -98.9795
   319        0.0141        0.8970        1.3957        1.2520      -98.9795      -98.9795
   320        0.0019        0.8970        1.3957        1.2520      -98.9795      -98.9795
   321        0.0010        0.8970        1.3957        1.2520      -98.9795      -98.9795
   322        0.0090        0.8970        1.3958        1.2520      -98.9795      -98.9795
   323        0.0084        0.8970        1.3958        1.2520      -98.9795      -98.9795
   324        0.0098        0.8970        1.3960        1.2522      -98.9795      -98.9795
   325        0.0079        0.8970        1.3960        1.2522      -98.9795      -98.9795
   326        0.0029        0.8970        1.3960        1.2522      -98.9795      -98.9795
   327        0.0012        0.8970        1.3960        1.2522      -98.9795      -98.9795
   328        0.0163        0.8970        1.3975        1.2536      -98.9795      -98.9795
   329        0.0247        0.8970        1.4014        1.2571      -98.9795      -98.9795
   330        0.0036        0.8970        1.4014        1.2571      -98.9795      -98.9795
   331        0.0009        0.8970        1.4014        1.2571      -98.9795      -98.9795
   332        0.0005        0.8970        1.4014        1.2571      -98.9795      -98.9795
   333        0.0018        0.8970        1.4014        1.2571      -98.9795      -98.9795
   334        0.0150        0.8970        1.4027        1.2582      -98.9795      -98.9795
   335        0.0025        0.8970        1.4027        1.2582      -98.9795      -98.9795
   336        0.0049        0.8970        1.4027        1.2582      -98.9795      -98.9795
   337        0.0021        0.8970        1.4027        1.2582      -98.9795      -98.9795
   338        0.0014        0.8970        1.4027        1.2582      -98.9795      -98.9795
   339        0.0094        0.8970        1.4028        1.2583      -98.9795      -98.9795
   340        0.0138        0.8970        1.4037        1.2592      -98.9795      -98.9795
   341        0.0027        0.8970        1.4037        1.2592      -98.9795      -98.9795
   342        0.0010        0.8970        1.4037        1.2592      -98.9795      -98.9795
   343        0.0380        0.8970        1.4123        1.2668      -98.9795      -98.9795
   344        0.0021        0.8970        1.4123        1.2668      -98.9795      -98.9795
   345        0.0021        0.8970        1.4123        1.2668      -98.9795      -98.9795
   346        0.0033        0.8970        1.4123        1.2668      -98.9795      -98.9795
   347        0.0001        0.8970        1.4123        1.2668      -98.9795      -98.9795
   348        0.0033        0.8970        1.4123        1.2668      -98.9795      -98.9795
   349        0.0007        0.8970        1.4123        1.2668      -98.9795      -98.9795
   350        0.0103        0.8970        1.4125        1.2670      -98.9795      -98.9795
   351        0.0278        0.8970        1.4173        1.2713      -98.9795      -98.9795
   352        0.0261        0.8970        1.4215        1.2751      -98.9795      -98.9795
   353        0.0002        0.8970        1.4215        1.2751      -98.9795      -98.9795
   354        0.0099        0.8970        1.4217        1.2753      -98.9795      -98.9795
   355        0.0327        0.8970        1.4281        1.2810      -98.9795      -98.9795
   356        0.0159        0.8970        1.4294        1.2822      -98.9795      -98.9795
   357        0.0323        0.8970        1.4356        1.2877      -98.9795      -98.9795
   358        0.0122        0.8970        1.4361        1.2882      -98.9795      -98.9795
   359        0.0063        0.8970        1.4361        1.2882      -98.9795      -98.9795
   360        0.0051        0.8970        1.4361        1.2882      -98.9795      -98.9795
   361        0.0175        0.8970        1.4378        1.2897      -98.9795      -98.9795
   362        0.0180        0.8970        1.4396        1.2914      -98.9795      -98.9795
   363        0.0038        0.8970        1.4396        1.2914      -98.9795      -98.9795
   364        0.0308        0.8970        1.4452        1.2963      -98.9795      -98.9795
   365        0.0168        0.8970        1.4467        1.2977      -98.9795      -98.9795
   366        0.0028        0.8970        1.4467        1.2977      -98.9795      -98.9795
   367        0.0055        0.8970        1.4467        1.2977      -98.9795      -98.9795
   368        0.0001        0.8970        1.4467        1.2977      -98.9795      -98.9795
   369        0.0007        0.8970        1.4467        1.2977      -98.9795      -98.9795
   370        0.0013        0.8970        1.4467        1.2977      -98.9795      -98.9795
   371        0.0041        0.8970        1.4467        1.2977      -98.9795      -98.9795
   372        0.0058        0.8970        1.4467        1.2977      -98.9795      -98.9795
   373        0.0108        0.8970        1.4470        1.2979      -98.9795      -98.9795
   374        0.0343        0.8970        1.4536        1.3039      -98.9795      -98.9795
   375        0.0074        0.8970        1.4536        1.3039      -98.9795      -98.9795
   376        0.0069        0.8970        1.4536        1.3039      -98.9795      -98.9795
   377        0.0001        0.8970        1.4536        1.3039      -98.9795      -98.9795
   378        0.0005        0.8970        1.4536        1.3039      -98.9795      -98.9795
   379        0.0208        0.8970        1.4561        1.3061      -98.9795      -98.9795
   380        0.0364        0.8970        1.4634        1.3127      -98.9795      -98.9795
   381        0.0100        0.8970        1.4635        1.3128      -98.9795      -98.9795
   382        0.0042        0.8970        1.4635        1.3128      -98.9795      -98.9795
   383        0.0017        0.8970        1.4635        1.3128      -98.9795      -98.9795
   384        0.0010        0.8970        1.4635        1.3128      -98.9795      -98.9795
   385        0.0011        0.8970        1.4635        1.3128      -98.9795      -98.9795
   386        0.0029        0.8970        1.4635        1.3128      -98.9795      -98.9795
   387        0.0028        0.8970        1.4635        1.3128      -98.9795      -98.9795
   388        0.0007        0.8970        1.4635        1.3128      -98.9795      -98.9795
   389        0.0276        0.8970        1.4679        1.3167      -98.9795      -98.9795
   390        0.0021        0.8970        1.4679        1.3167      -98.9795      -98.9795
   391        0.0035        0.8970        1.4679        1.3167      -98.9795      -98.9795
   392        0.0107        0.8970        1.4681        1.3169      -98.9795      -98.9795
   393        0.0021        0.8970        1.4681        1.3169      -98.9795      -98.9795
   394        0.0035        0.8970        1.4681        1.3169      -98.9795      -98.9795
   395        0.0063        0.8970        1.4681        1.3169      -98.9795      -98.9795
   396        0.0278        0.8970        1.4725        1.3208      -98.9795      -98.9795
   397        0.0053        0.8970        1.4725        1.3208      -98.9795      -98.9795
   398        0.0050        0.8970        1.4725        1.3208      -98.9795      -98.9795
   399        0.0038        0.8970        1.4725        1.3208      -98.9795      -98.9795
   400        0.0263        0.8970        1.4763        1.3243      -98.9795      -98.9795
   401        0.0008        0.8970        1.4763        1.3243      -98.9795      -98.9795
   402        0.0025        0.8970        1.4763        1.3243      -98.9795      -98.9795
   403        0.0211        0.8970        1.4788        1.3264      -98.9795      -98.9795
   404        0.0015        0.8970        1.4788        1.3264      -98.9795      -98.9795
   405        0.0109        0.8970        1.4790        1.3267      -98.9795      -98.9795
   406        0.0007        0.8970        1.4790        1.3267      -98.9795      -98.9795
   407        0.0137        0.8970        1.4797        1.3273      -98.9795      -98.9795
   408        0.0107        0.8970        1.4799        1.3275      -98.9795      -98.9795
   409        0.0055        0.8970        1.4799        1.3275      -98.9795      -98.9795
   410        0.0368        0.8970        1.4871        1.3340      -98.9795      -98.9795
   411        0.0136        0.8970        1.4878        1.3346      -98.9795      -98.9795
   412        0.0038        0.8970        1.4878        1.3346      -98.9795      -98.9795
   413        0.0507        0.8970        1.5001        1.3456      -98.9795      -98.9795
   414        0.0125        0.8970        1.5006        1.3460      -98.9795      -98.9795
   415        0.0177        0.8970        1.5021        1.3474      -98.9795      -98.9795
   416        0.0116        0.8970        1.5024        1.3477      -98.9795      -98.9795
   417        0.0164        0.8970        1.5036        1.3487      -98.9795      -98.9795
   418        0.0112        0.8970        1.5039        1.3490      -98.9795      -98.9795
   419        0.0012        0.8970        1.5039        1.3490      -98.9795      -98.9795
   420        0.0028        0.8970        1.5039        1.3490      -98.9795      -98.9795
   421        0.0161        0.8970        1.5050        1.3500      -98.9795      -98.9795
   422        0.0209        0.8970        1.5072        1.3520      -98.9795      -98.9795
   423        0.0051        0.8970        1.5072        1.3520      -98.9795      -98.9795
   424        0.0210        0.8970        1.5095        1.3540      -98.9795      -98.9795
   425        0.0121        0.8970        1.5099        1.3544      -98.9795      -98.9795
   426        0.0043        0.8970        1.5099        1.3544      -98.9795      -98.9795
   427        0.0014        0.8970        1.5099        1.3544      -98.9795      -98.9795
   428        0.0044        0.8970        1.5099        1.3544      -98.9795      -98.9795
   429        0.0242        0.8970        1.5129        1.3571      -98.9795      -98.9795
   430        0.0009        0.8970        1.5129        1.3571      -98.9795      -98.9795
   431        0.0210        0.8970        1.5152        1.3591      -98.9795      -98.9795
   432        0.0033        0.8970        1.5152        1.3591      -98.9795      -98.9795
   433        0.0053        0.8970        1.5152        1.3591      -98.9795      -98.9795
   434        0.0001        0.8970        1.5152        1.3591      -98.9795      -98.9795
   435        0.0038        0.8970        1.5152        1.3591      -98.9795      -98.9795
   436        0.0171        0.8970        1.5165        1.3603      -98.9795      -98.9795
   437        0.0054        0.8970        1.5165        1.3603      -98.9795      -98.9795
   438        0.0001        0.8970        1.5165        1.3603      -98.9795      -98.9795
   439        0.0061        0.8970        1.5165        1.3603      -98.9795      -98.9795
   440        0.0015        0.8970        1.5165        1.3603      -98.9795      -98.9795
   441        0.0017        0.8970        1.5165        1.3603      -98.9795      -98.9795
   442        0.0128        0.8970        1.5170        1.3607      -98.9795      -98.9795
   443        0.0115        0.8970        1.5172        1.3610      -98.9795      -98.9795
   444        0.0021        0.8970        1.5172        1.3610      -98.9795      -98.9795
   445        0.0228        0.8970        1.5199        1.3634      -98.9795      -98.9795
   446        0.0395        0.8970        1.5276        1.3702      -98.9795      -98.9795
   447        0.0015        0.8970        1.5276        1.3702      -98.9795      -98.9795
   448        0.0237        0.8970        1.5304        1.3728      -98.9795      -98.9795
   449        0.0114        0.8970        1.5307        1.3730      -98.9795      -98.9795
   450        0.0074        0.8970        1.5307        1.3730      -98.9795      -98.9795
   451        0.0063        0.8970        1.5307        1.3730      -98.9795      -98.9795
   452        0.0028        0.8970        1.5307        1.3730      -98.9795      -98.9795
   453        0.0058        0.8970        1.5307        1.3730      -98.9795      -98.9795
   454        0.0152        0.8970        1.5316        1.3738      -98.9795      -98.9795
   455        0.0007        0.8970        1.5316        1.3738      -98.9795      -98.9795
   456        0.0276        0.8970        1.5354        1.3773      -98.9795      -98.9795
   457        0.0587        0.8970        1.5501        1.3904      -98.9795      -98.9795
   458        0.0014        0.8970        1.5501        1.3904      -98.9795      -98.9795
   459        0.0014        0.8970        1.5501        1.3904      -98.9795      -98.9795
   460        0.0099        0.8970        1.5501        1.3904      -98.9795      -98.9795
   461        0.0206        0.8970        1.5520        1.3922      -98.9795      -98.9795
   462        0.0042        0.8970        1.5520        1.3922      -98.9795      -98.9795
   463        0.0001        0.8970        1.5520        1.3922      -98.9795      -98.9795
   464        0.0044        0.8970        1.5520        1.3922      -98.9795      -98.9795
   465        0.0008        0.8970        1.5520        1.3922      -98.9795      -98.9795
   466        0.0016        0.8970        1.5520        1.3922      -98.9795      -98.9795
   467        0.0064        0.8970        1.5520        1.3922      -98.9795      -98.9795
   468        0.0014        0.8970        1.5520        1.3922      -98.9795      -98.9795
   469        0.0073        0.8970        1.5520        1.3922      -98.9795      -98.9795
   470        0.0010        0.8970        1.5520        1.3922      -98.9795      -98.9795
   471        0.0006        0.8970        1.5520        1.3922      -98.9795      -98.9795
   472        0.0294        0.8970        1.5563        1.3960      -98.9795      -98.9795
   473        0.0003        0.8970        1.5563        1.3960      -98.9795      -98.9795
   474        0.0006        0.8970        1.5563        1.3960      -98.9795      -98.9795
   475        0.0196        0.8970        1.5580        1.3975      -98.9795      -98.9795
   476        0.0200        0.8970        1.5598        1.3991      -98.9795      -98.9795
   477        0.0200        0.8970        1.5616        1.4008      -98.9795      -98.9795
   478        0.0021        0.8970        1.5616        1.4008      -98.9795      -98.9795
   479        0.0039        0.8970        1.5616        1.4008      -98.9795      -98.9795
   480        0.0023        0.8970        1.5616        1.4008      -98.9795      -98.9795
   481        0.0078        0.8970        1.5616        1.4008      -98.9795      -98.9795
   482        0.0056        0.8970        1.5616        1.4008      -98.9795      -98.9795
   483        0.0121        0.8970        1.5619        1.4010      -98.9795      -98.9795
   484        0.0014        0.8970        1.5619        1.4010      -98.9795      -98.9795
   485        0.0066        0.8970        1.5619        1.4010      -98.9795      -98.9795
   486        0.0253        0.8970        1.5650        1.4038      -98.9795      -98.9795
   487        0.0265        0.8970        1.5683        1.4068      -98.9795      -98.9795
   488        0.0256        0.8970        1.5714        1.4096      -98.9795      -98.9795
   489        0.0172        0.8970        1.5726        1.4106      -98.9795      -98.9795
   490        0.0091        0.8970        1.5726        1.4106      -98.9795      -98.9795
   491        0.0152        0.8970        1.5734        1.4113      -98.9795      -98.9795
   492        0.0174        0.8970        1.5746        1.4124      -98.9795      -98.9795
   493        0.0073        0.8970        1.5746        1.4124      -98.9795      -98.9795
   494        0.0035        0.8970        1.5746        1.4124      -98.9795      -98.9795
   495        0.0025        0.8970        1.5746        1.4124      -98.9795      -98.9795
   496        0.0307        0.8970        1.5790        1.4164      -98.9795      -98.9795
   497        0.0096        0.8970        1.5790        1.4164      -98.9795      -98.9795
   498        0.0096        0.8970        1.5790        1.4164      -98.9795      -98.9795
   499        0.0083        0.8970        1.5790        1.4164      -98.9795      -98.9795
   500        0.0003        0.8970        1.5790        1.4164      -98.9795      -98.9795
   501        0.0026        0.8970        1.5790        1.4164      -98.9795      -98.9795
   502        0.0136        0.8970        1.5795        1.4168      -98.9795      -98.9795
   503        0.0026        0.8970        1.5795        1.4168      -98.9795      -98.9795
   504        0.0014        0.8970        1.5795        1.4168      -98.9795      -98.9795
   505        0.0009        0.8970        1.5795        1.4168      -98.9795      -98.9795
   506        0.0033        0.8970        1.5795        1.4168      -98.9795      -98.9795
   507        0.0020        0.8970        1.5795        1.4168      -98.9795      -98.9795
   508        0.0033        0.8970        1.5795        1.4168      -98.9795      -98.9795
   509        0.0140        0.8970        1.5801        1.4173      -98.9795      -98.9795
   510        0.0003        0.8970        1.5801        1.4173      -98.9795      -98.9795
   511        0.0266        0.8970        1.5834        1.4203      -98.9795      -98.9795
   512        0.0105        0.8970        1.5834        1.4203      -98.9795      -98.9795
   513        0.0028        0.8970        1.5834        1.4203      -98.9795      -98.9795
   514        0.0051        0.8970        1.5834        1.4203      -98.9795      -98.9795
   515        0.0131        0.8970        1.5838        1.4207      -98.9795      -98.9795
   516        0.0005        0.8970        1.5838        1.4207      -98.9795      -98.9795
   517        0.0003        0.8970        1.5838        1.4207      -98.9795      -98.9795
   518        0.0033        0.8970        1.5838        1.4207      -98.9795      -98.9795
   519        0.0042        0.8970        1.5838        1.4207      -98.9795      -98.9795
   520        0.0107        0.8970        1.5839        1.4208      -98.9795      -98.9795
   521        0.0145        0.8970        1.5845        1.4213      -98.9795      -98.9795
   522        0.0028        0.8970        1.5845        1.4213      -98.9795      -98.9795
   523        0.0038        0.8970        1.5845        1.4213      -98.9795      -98.9795
   524        0.0021        0.8970        1.5845        1.4213      -98.9795      -98.9795
   525        0.0021        0.8970        1.5845        1.4213      -98.9795      -98.9795
   526        0.0188        0.8970        1.5860        1.4226      -98.9795      -98.9795
   527        0.0083        0.8970        1.5860        1.4226      -98.9795      -98.9795
   528        0.0423        0.8970        1.5939        1.4297      -98.9795      -98.9795
   529        0.0228        0.8970        1.5962        1.4318      -98.9795      -98.9795
   530        0.0260        0.8970        1.5992        1.4345      -98.9795      -98.9795
   531        0.0026        0.8970        1.5992        1.4345      -98.9795      -98.9795
   532        0.0142        0.8970        1.5998        1.4350      -98.9795      -98.9795
   533        0.0222        0.8970        1.6019        1.4369      -98.9795      -98.9795
   534        0.0036        0.8970        1.6019        1.4369      -98.9795      -98.9795
   535        0.0015        0.8970        1.6019        1.4369      -98.9795      -98.9795
   536        0.0044        0.8970        1.6019        1.4369      -98.9795      -98.9795
   537        0.0059        0.8970        1.6019        1.4369      -98.9795      -98.9795
   538        0.0004        0.8970        1.6019        1.4369      -98.9795      -98.9795
   539        0.0018        0.8970        1.6019        1.4369      -98.9795      -98.9795
   540        0.0006        0.8970        1.6019        1.4369      -98.9795      -98.9795
   541        0.0005        0.8970        1.6019        1.4369      -98.9795      -98.9795
   542        0.0178        0.8970        1.6031        1.4380      -98.9795      -98.9795
   543        0.0042        0.8970        1.6031        1.4380      -98.9795      -98.9795
   544        0.0057        0.8970        1.6031        1.4380      -98.9795      -98.9795
   545        0.0017        0.8970        1.6031        1.4380      -98.9795      -98.9795
   546        0.0001        0.8970        1.6031        1.4380      -98.9795      -98.9795
   547        0.0001        0.8970        1.6031        1.4380      -98.9795      -98.9795
   548        0.0094        0.8970        1.6031        1.4380      -98.9795      -98.9795
   549        0.0044        0.8970        1.6031        1.4380      -98.9795      -98.9795
   550        0.0002        0.8970        1.6031        1.4380      -98.9795      -98.9795
   551        0.0176        0.8970        1.6043        1.4391      -98.9795      -98.9795
   552        0.0249        0.8970        1.6070        1.4415      -98.9795      -98.9795
   553        0.0073        0.8970        1.6070        1.4415      -98.9795      -98.9795
   554        0.0012        0.8970        1.6070        1.4415      -98.9795      -98.9795
   555        0.0014        0.8970        1.6070        1.4415      -98.9795      -98.9795
   556        0.0001        0.8970        1.6070        1.4415      -98.9795      -98.9795
   557        0.0075        0.8970        1.6070        1.4415      -98.9795      -98.9795
   558        0.0096        0.8970        1.6070        1.4415      -98.9795      -98.9795
   559        0.0051        0.8970        1.6070        1.4415      -98.9795      -98.9795
   560        0.0137        0.8970        1.6075        1.4419      -98.9795      -98.9795
   561        0.0057        0.8970        1.6075        1.4419      -98.9795      -98.9795
   562        0.0024        0.8970        1.6075        1.4419      -98.9795      -98.9795
   563        0.0021        0.8970        1.6075        1.4419      -98.9795      -98.9795
   564        0.0023        0.8970        1.6075        1.4419      -98.9795      -98.9795
   565        0.0002        0.8970        1.6075        1.4419      -98.9795      -98.9795
   566        0.0001        0.8970        1.6075        1.4419      -98.9795      -98.9795
   567        0.0261        0.8970        1.6105        1.4446      -98.9795      -98.9795
   568        0.0283        0.8970        1.6141        1.4478      -98.9795      -98.9795
   569        0.0051        0.8970        1.6141        1.4478      -98.9795      -98.9795
   570        0.0048        0.8970        1.6141        1.4478      -98.9795      -98.9795
   571        0.0041        0.8970        1.6141        1.4478      -98.9795      -98.9795
   572        0.0082        0.8970        1.6141        1.4478      -98.9795      -98.9795
   573        0.0228        0.8970        1.6163        1.4498      -98.9795      -98.9795
   574        0.0064        0.8970        1.6163        1.4498      -98.9795      -98.9795
   575        0.0035        0.8970        1.6163        1.4498      -98.9795      -98.9795
   576        0.0072        0.8970        1.6163        1.4498      -98.9795      -98.9795
   577        0.0073        0.8970        1.6163        1.4498      -98.9795      -98.9795
   578        0.0233        0.8970        1.6186        1.4519      -98.9795      -98.9795
   579        0.0052        0.8970        1.6186        1.4519      -98.9795      -98.9795
   580        0.0004        0.8970        1.6186        1.4519      -98.9795      -98.9795
   581        0.0011        0.8970        1.6186        1.4519      -98.9795      -98.9795
   582        0.0051        0.8970        1.6186        1.4519      -98.9795      -98.9795
   583        0.0026        0.8970        1.6186        1.4519      -98.9795      -98.9795
   584        0.0010        0.8970        1.6186        1.4519      -98.9795      -98.9795
   585        0.0008        0.8970        1.6186        1.4519      -98.9795      -98.9795
   586        0.0013        0.8970        1.6186        1.4519      -98.9795      -98.9795
   587        0.0071        0.8970        1.6186        1.4519      -98.9795      -98.9795
   588        0.0002        0.8970        1.6186        1.4519      -98.9795      -98.9795
   589        0.0052        0.8970        1.6186        1.4519      -98.9795      -98.9795
   590        0.0494        0.8970        1.6285        1.4608      -98.9795      -98.9795
   591        0.0044        0.8970        1.6285        1.4608      -98.9795      -98.9795
   592        0.0098        0.8970        1.6285        1.4608      -98.9795      -98.9795
   593        0.0259        0.8970        1.6314        1.4633      -98.9795      -98.9795
   594        0.0237        0.8970        1.6337        1.4654      -98.9795      -98.9795
   595        0.0011        0.8970        1.6337        1.4654      -98.9795      -98.9795
   596        0.0157        0.8970        1.6345        1.4661      -98.9795      -98.9795
   597        0.0180        0.8970        1.6356        1.4671      -98.9795      -98.9795
   598        0.0145        0.8970        1.6361        1.4676      -98.9795      -98.9795
   599        0.0520        0.8970        1.6467        1.4771      -98.9795      -98.9795
   600        0.0049        0.8970        1.6467        1.4771      -98.9795      -98.9795
   601        0.0015        0.8970        1.6467        1.4771      -98.9795      -98.9795
   602        0.0024        0.8970        1.6467        1.4771      -98.9795      -98.9795
   603        0.0232        0.8970        1.6488        1.4790      -98.9795      -98.9795
   604        0.0255        0.8970        1.6515        1.4814      -98.9795      -98.9795
   605        0.0152        0.8970        1.6521        1.4820      -98.9795      -98.9795
   606        0.0101        0.8970        1.6521        1.4820      -98.9795      -98.9795
   607        0.0582        0.8970        1.6646        1.4931      -98.9795      -98.9795
   608        0.0043        0.8970        1.6646        1.4931      -98.9795      -98.9795
   609        0.0041        0.8970        1.6646        1.4931      -98.9795      -98.9795
   610        0.0050        0.8970        1.6646        1.4931      -98.9795      -98.9795
   611        0.0040        0.8970        1.6646        1.4931      -98.9795      -98.9795
   612        0.0097        0.8970        1.6646        1.4931      -98.9795      -98.9795
   613        0.0074        0.8970        1.6646        1.4931      -98.9795      -98.9795
   614        0.0008        0.8970        1.6646        1.4931      -98.9795      -98.9795
   615        0.0044        0.8970        1.6646        1.4931      -98.9795      -98.9795
   616        0.0026        0.8970        1.6646        1.4931      -98.9795      -98.9795
   617        0.0036        0.8970        1.6646        1.4931      -98.9795      -98.9795
   618        0.0001        0.8970        1.6646        1.4931      -98.9795      -98.9795
   619        0.0056        0.8970        1.6646        1.4931      -98.9795      -98.9795
   620        0.0116        0.8970        1.6647        1.4932      -98.9795      -98.9795
   621        0.0038        0.8970        1.6647        1.4932      -98.9795      -98.9795
   622        0.0127        0.8970        1.6649        1.4934      -98.9795      -98.9795
   623        0.0182        0.8970        1.6660        1.4944      -98.9795      -98.9795
   624        0.0177        0.8970        1.6670        1.4953      -98.9795      -98.9795
   625        0.0064        0.8970        1.6670        1.4953      -98.9795      -98.9795
   626        0.0020        0.8970        1.6670        1.4953      -98.9795      -98.9795
   627        0.0090        0.8970        1.6670        1.4953      -98.9795      -98.9795
   628        0.0020        0.8970        1.6670        1.4953      -98.9795      -98.9795
   629        0.0216        0.8970        1.6687        1.4969      -98.9795      -98.9795
   630        0.0173        0.8970        1.6697        1.4977      -98.9795      -98.9795
   631        0.0052        0.8970        1.6697        1.4977      -98.9795      -98.9795
   632        0.0076        0.8970        1.6697        1.4977      -98.9795      -98.9795
   633        0.0020        0.8970        1.6697        1.4977      -98.9795      -98.9795
   634        0.0069        0.8970        1.6697        1.4977      -98.9795      -98.9795
   635        0.0097        0.8970        1.6697        1.4977      -98.9795      -98.9795
   636        0.0123        0.8970        1.6698        1.4978      -98.9795      -98.9795
   637        0.0089        0.8970        1.6698        1.4978      -98.9795      -98.9795
   638        0.0102        0.8970        1.6698        1.4978      -98.9795      -98.9795
   639        0.0077        0.8970        1.6698        1.4978      -98.9795      -98.9795
   640        0.0039        0.8970        1.6698        1.4978      -98.9795      -98.9795
   641        0.0155        0.8970        1.6704        1.4984      -98.9795      -98.9795
   642        0.0058        0.8970        1.6704        1.4984      -98.9795      -98.9795
   643        0.0052        0.8970        1.6704        1.4984      -98.9795      -98.9795
   644        0.0207        0.8970        1.6720        1.4998      -98.9795      -98.9795
   645        0.0100        0.8970        1.6720        1.4998      -98.9795      -98.9795
   646        0.0058        0.8970        1.6720        1.4998      -98.9795      -98.9795
   647        0.0013        0.8970        1.6720        1.4998      -98.9795      -98.9795
   648        0.0015        0.8970        1.6720        1.4998      -98.9795      -98.9795
   649        0.0358        0.8970        1.6772        1.5044      -98.9795      -98.9795
   650        0.0006        0.8970        1.6772        1.5044      -98.9795      -98.9795
   651        0.0067        0.8970        1.6772        1.5044      -98.9795      -98.9795
   652        0.0021        0.8970        1.6772        1.5044      -98.9795      -98.9795
   653        0.0037        0.8970        1.6772        1.5044      -98.9795      -98.9795
   654        0.0017        0.8970        1.6772        1.5044      -98.9795      -98.9795
   655        0.0057        0.8970        1.6772        1.5044      -98.9795      -98.9795
   656        0.0016        0.8970        1.6772        1.5044      -98.9795      -98.9795
   657        0.0058        0.8970        1.6772        1.5044      -98.9795      -98.9795
   658        0.0017        0.8970        1.6772        1.5044      -98.9795      -98.9795
   659        0.0018        0.8970        1.6772        1.5044      -98.9795      -98.9795
   660        0.0011        0.8970        1.6772        1.5044      -98.9795      -98.9795
   661        0.0003        0.8970        1.6772        1.5044      -98.9795      -98.9795
   662        0.0004        0.8970        1.6772        1.5044      -98.9795      -98.9795
   663        0.0066        0.8970        1.6772        1.5044      -98.9795      -98.9795
   664        0.0036        0.8970        1.6772        1.5044      -98.9795      -98.9795
   665        0.0016        0.8970        1.6772        1.5044      -98.9795      -98.9795
   666        0.0015        0.8970        1.6772        1.5044      -98.9795      -98.9795
   667        0.0042        0.8970        1.6772        1.5044      -98.9795      -98.9795
   668        0.0031        0.8970        1.6772        1.5044      -98.9795      -98.9795
   669        0.0048        0.8970        1.6772        1.5044      -98.9795      -98.9795
   670        0.0195        0.8970        1.6785        1.5056      -98.9795      -98.9795
   671        0.0035        0.8970        1.6785        1.5056      -98.9795      -98.9795
   672        0.0029        0.8970        1.6785        1.5056      -98.9795      -98.9795
   673        0.0008        0.8970        1.6785        1.5056      -98.9795      -98.9795
   674        0.0054        0.8970        1.6785        1.5056      -98.9795      -98.9795
   675        0.0081        0.8970        1.6785        1.5056      -98.9795      -98.9795
   676        0.0068        0.8970        1.6785        1.5056      -98.9795      -98.9795
   677        0.0074        0.8970        1.6785        1.5056      -98.9795      -98.9795
   678        0.0002        0.8970        1.6785        1.5056      -98.9795      -98.9795
   679        0.0015        0.8970        1.6785        1.5056      -98.9795      -98.9795
   680        0.0013        0.8970        1.6785        1.5056      -98.9795      -98.9795
   681        0.0030        0.8970        1.6785        1.5056      -98.9795      -98.9795
   682        0.0012        0.8970        1.6785        1.5056      -98.9795      -98.9795
   683        0.0167        0.8970        1.6793        1.5063      -98.9795      -98.9795
   684        0.0006        0.8970        1.6793        1.5063      -98.9795      -98.9795
   685        0.0013        0.8970        1.6793        1.5063      -98.9795      -98.9795
   686        0.0193        0.8970        1.6805        1.5074      -98.9795      -98.9795
   687        0.0088        0.8970        1.6805        1.5074      -98.9795      -98.9795
   688        0.0025        0.8970        1.6805        1.5074      -98.9795      -98.9795
   689        0.0002        0.8970        1.6805        1.5074      -98.9795      -98.9795
   690        0.0253        0.8970        1.6830        1.5097      -98.9795      -98.9795
   691        0.0170        0.8970        1.6839        1.5104      -98.9795      -98.9795
   692        0.0056        0.8970        1.6839        1.5104      -98.9795      -98.9795
   693        0.0098        0.8970        1.6839        1.5104      -98.9795      -98.9795
   694        0.0118        0.8970        1.6839        1.5105      -98.9795      -98.9795
   695        0.0043        0.8970        1.6839        1.5105      -98.9795      -98.9795
   696        0.0027        0.8970        1.6839        1.5105      -98.9795      -98.9795
   697        0.0038        0.8970        1.6839        1.5105      -98.9795      -98.9795
   698        0.0174        0.8970        1.6848        1.5113      -98.9795      -98.9795
   699        0.0101        0.8970        1.6848        1.5113      -98.9795      -98.9795
   700        0.0307        0.8970        1.6886        1.5147      -98.9795      -98.9795
   701        0.0052        0.8970        1.6886        1.5147      -98.9795      -98.9795
   702        0.0005        0.8970        1.6886        1.5147      -98.9795      -98.9795
   703        0.0389        0.8970        1.6945        1.5199      -98.9795      -98.9795
   704        0.0024        0.8970        1.6945        1.5199      -98.9795      -98.9795
   705        0.0088        0.8970        1.6945        1.5199      -98.9795      -98.9795
   706        0.0022        0.8970        1.6945        1.5199      -98.9795      -98.9795
   707        0.0022        0.8970        1.6945        1.5199      -98.9795      -98.9795
   708        0.0105        0.8970        1.6945        1.5199      -98.9795      -98.9795
   709        0.0193        0.8970        1.6957        1.5210      -98.9795      -98.9795
   710        0.0103        0.8970        1.6957        1.5210      -98.9795      -98.9795
   711        0.0022        0.8970        1.6957        1.5210      -98.9795      -98.9795
   712        0.0051        0.8970        1.6957        1.5210      -98.9795      -98.9795
   713        0.0003        0.8970        1.6957        1.5210      -98.9795      -98.9795
   714        0.0255        0.8970        1.6981        1.5232      -98.9795      -98.9795
   715        0.0011        0.8970        1.6981        1.5232      -98.9795      -98.9795
   716        0.0001        0.8970        1.6981        1.5232      -98.9795      -98.9795
   717        0.0116        0.8970        1.6982        1.5233      -98.9795      -98.9795
   718        0.0020        0.8970        1.6982        1.5233      -98.9795      -98.9795
   719        0.0096        0.8970        1.6982        1.5233      -98.9795      -98.9795
   720        0.0061        0.8970        1.6982        1.5233      -98.9795      -98.9795
   721        0.0016        0.8970        1.6982        1.5233      -98.9795      -98.9795
   722        0.0038        0.8970        1.6982        1.5233      -98.9795      -98.9795
   723        0.0171        0.8970        1.6990        1.5240      -98.9795      -98.9795
   724        0.0014        0.8970        1.6990        1.5240      -98.9795      -98.9795
   725        0.0012        0.8970        1.6990        1.5240      -98.9795      -98.9795
   726        0.0038        0.8970        1.6990        1.5240      -98.9795      -98.9795
   727        0.0089        0.8970        1.6990        1.5240      -98.9795      -98.9795
   728        0.0002        0.8970        1.6990        1.5240      -98.9795      -98.9795
   729        0.0030        0.8970        1.6990        1.5240      -98.9795      -98.9795
   730        0.0046        0.8970        1.6990        1.5240      -98.9795      -98.9795
   731        0.0533        0.8970        1.7091        1.5331      -98.9795      -98.9795
   732        0.0022        0.8970        1.7091        1.5331      -98.9795      -98.9795
   733        0.0112        0.8970        1.7091        1.5331      -98.9795      -98.9795
   734        0.0404        0.8970        1.7153        1.5386      -98.9795      -98.9795
   735        0.0028        0.8970        1.7153        1.5386      -98.9795      -98.9795
   736        0.0001        0.8970        1.7153        1.5386      -98.9795      -98.9795
   737        0.0013        0.8970        1.7153        1.5386      -98.9795      -98.9795
   738        0.0774        0.8970        1.7336        1.5550      -98.9795      -98.9795
   739        0.0029        0.8970        1.7336        1.5550      -98.9795      -98.9795
   740        0.0072        0.8970        1.7336        1.5550      -98.9795      -98.9795
   741        0.0030        0.8970        1.7336        1.5550      -98.9795      -98.9795
   742        0.0021        0.8970        1.7336        1.5550      -98.9795      -98.9795
   743        0.0108        0.8970        1.7336        1.5550      -98.9795      -98.9795
   744        0.0176        0.8970        1.7344        1.5558      -98.9795      -98.9795
   745        0.0047        0.8970        1.7344        1.5558      -98.9795      -98.9795
   746        0.0004        0.8970        1.7344        1.5558      -98.9795      -98.9795
   747        0.0002        0.8970        1.7344        1.5558      -98.9795      -98.9795
   748        0.0064        0.8970        1.7344        1.5558      -98.9795      -98.9795
   749        0.0039        0.8970        1.7344        1.5558      -98.9795      -98.9795
   750        0.0011        0.8970        1.7344        1.5558      -98.9795      -98.9795
   751        0.0001        0.8970        1.7344        1.5558      -98.9795      -98.9795
   752        0.0010        0.8970        1.7344        1.5558      -98.9795      -98.9795
   753        0.0085        0.8970        1.7344        1.5558      -98.9795      -98.9795
   754        0.0017        0.8970        1.7344        1.5558      -98.9795      -98.9795
   755        0.0005        0.8970        1.7344        1.5558      -98.9795      -98.9795
   756        0.0104        0.8970        1.7344        1.5558      -98.9795      -98.9795
   757        0.0246        0.8970        1.7366        1.5577      -98.9795      -98.9795
   758        0.0080        0.8970        1.7366        1.5577      -98.9795      -98.9795
   759        0.0023        0.8970        1.7366        1.5577      -98.9795      -98.9795
   760        0.0013        0.8970        1.7366        1.5577      -98.9795      -98.9795
   761        0.0457        0.8970        1.7439        1.5643      -98.9795      -98.9795
   762        0.0049        0.8970        1.7439        1.5643      -98.9795      -98.9795
   763        0.0023        0.8970        1.7439        1.5643      -98.9795      -98.9795
   764        0.0037        0.8970        1.7439        1.5643      -98.9795      -98.9795
   765        0.0008        0.8970        1.7439        1.5643      -98.9795      -98.9795
   766        0.0022        0.8970        1.7439        1.5643      -98.9795      -98.9795
   767        0.0002        0.8970        1.7439        1.5643      -98.9795      -98.9795
   768        0.0004        0.8970        1.7439        1.5643      -98.9795      -98.9795
   769        0.0067        0.8970        1.7439        1.5643      -98.9795      -98.9795
   770        0.0063        0.8970        1.7439        1.5643      -98.9795      -98.9795
   771        0.0150        0.8970        1.7444        1.5647      -98.9795      -98.9795
   772        0.0218        0.8970        1.7459        1.5661      -98.9795      -98.9795
   773        0.0049        0.8970        1.7459        1.5661      -98.9795      -98.9795
   774        0.0099        0.8970        1.7459        1.5661      -98.9795      -98.9795
   775        0.0001        0.8970        1.7459        1.5661      -98.9795      -98.9795
   776        0.0149        0.8970        1.7463        1.5664      -98.9795      -98.9795
   777        0.0020        0.8970        1.7463        1.5664      -98.9795      -98.9795
   778        0.0009        0.8970        1.7463        1.5664      -98.9795      -98.9795
   779        0.0056        0.8970        1.7463        1.5664      -98.9795      -98.9795
   780        0.0367        0.8970        1.7511        1.5708      -98.9795      -98.9795
   781        0.0075        0.8970        1.7511        1.5708      -98.9795      -98.9795
   782        0.0177        0.8970        1.7520        1.5715      -98.9795      -98.9795
   783        0.0030        0.8970        1.7520        1.5715      -98.9795      -98.9795
   784        0.0027        0.8970        1.7520        1.5715      -98.9795      -98.9795
   785        0.0011        0.8970        1.7520        1.5715      -98.9795      -98.9795
   786        0.0004        0.8970        1.7520        1.5715      -98.9795      -98.9795
   787        0.0001        0.8970        1.7520        1.5715      -98.9795      -98.9795
   788        0.0005        0.8970        1.7520        1.5715      -98.9795      -98.9795
   789        0.0004        0.8970        1.7520        1.5715      -98.9795      -98.9795
   790        0.0002        0.8970        1.7520        1.5715      -98.9795      -98.9795
   791        0.0068        0.8970        1.7520        1.5715      -98.9795      -98.9795
   792        0.0015        0.8970        1.7520        1.5715      -98.9795      -98.9795
   793        0.0030        0.8970        1.7520        1.5715      -98.9795      -98.9795
   794        0.0008        0.8970        1.7520        1.5715      -98.9795      -98.9795
   795        0.0028        0.8970        1.7520        1.5715      -98.9795      -98.9795
   796        0.0043        0.8970        1.7520        1.5715      -98.9795      -98.9795
   797        0.0281        0.8970        1.7547        1.5740      -98.9795      -98.9795
   798        0.0090        0.8970        1.7547        1.5740      -98.9795      -98.9795
   799        0.0070        0.8970        1.7547        1.5740      -98.9795      -98.9795
   800        0.0020        0.8970        1.7547        1.5740      -98.9795      -98.9795
   801        0.0001        0.8970        1.7547        1.5740      -98.9795      -98.9795
   802        0.0027        0.8970        1.7547        1.5740      -98.9795      -98.9795
   803        0.0050        0.8970        1.7547        1.5740      -98.9795      -98.9795
   804        0.0038        0.8970        1.7547        1.5740      -98.9795      -98.9795
   805        0.0025        0.8970        1.7547        1.5740      -98.9795      -98.9795
   806        0.0044        0.8970        1.7547        1.5740      -98.9795      -98.9795
   807        0.0002        0.8970        1.7547        1.5740      -98.9795      -98.9795
   808        0.0064        0.8970        1.7547        1.5740      -98.9795      -98.9795
   809        0.0059        0.8970        1.7547        1.5740      -98.9795      -98.9795
   810        0.0071        0.8970        1.7547        1.5740      -98.9795      -98.9795
   811        0.0115        0.8970        1.7547        1.5740      -98.9795      -98.9795
   812        0.0068        0.8970        1.7547        1.5740      -98.9795      -98.9795
   813        0.0242        0.8970        1.7567        1.5758      -98.9795      -98.9795
   814        0.0136        0.8970        1.7569        1.5759      -98.9795      -98.9795
   815        0.0029        0.8970        1.7569        1.5759      -98.9795      -98.9795
   816        0.0087        0.8970        1.7569        1.5759      -98.9795      -98.9795
   817        0.0003        0.8970        1.7569        1.5759      -98.9795      -98.9795
   818        0.0001        0.8970        1.7569        1.5759      -98.9795      -98.9795
   819        0.0038        0.8970        1.7569        1.5759      -98.9795      -98.9795
   820        0.0048        0.8970        1.7569        1.5759      -98.9795      -98.9795
   821        0.0214        0.8970        1.7583        1.5772      -98.9795      -98.9795
   822        0.0070        0.8970        1.7583        1.5772      -98.9795      -98.9795
   823        0.0073        0.8970        1.7583        1.5772      -98.9795      -98.9795
   824        0.0324        0.8970        1.7621        1.5806      -98.9795      -98.9795
   825        0.0047        0.8970        1.7621        1.5806      -98.9795      -98.9795
   826        0.0080        0.8970        1.7621        1.5806      -98.9795      -98.9795
   827        0.0043        0.8970        1.7621        1.5806      -98.9795      -98.9795
   828        0.0031        0.8970        1.7621        1.5806      -98.9795      -98.9795
   829        0.0352        0.8970        1.7664        1.5845      -98.9795      -98.9795
   830        0.0312        0.8970        1.7698        1.5875      -98.9795      -98.9795
   831        0.0202        0.8970        1.7710        1.5886      -98.9795      -98.9795
   832        0.0163        0.8970        1.7716        1.5891      -98.9795      -98.9795
   833        0.0673        0.8970        1.7853        1.6014      -98.9795      -98.9795
   834        0.0038        0.8970        1.7853        1.6014      -98.9795      -98.9795
   835        0.0083        0.8970        1.7853        1.6014      -98.9795      -98.9795
   836        0.0047        0.8970        1.7853        1.6014      -98.9795      -98.9795
   837        0.0023        0.8970        1.7853        1.6014      -98.9795      -98.9795
   838        0.0036        0.8970        1.7853        1.6014      -98.9795      -98.9795
   839        0.0069        0.8970        1.7853        1.6014      -98.9795      -98.9795
   840        0.0089        0.8970        1.7853        1.6014      -98.9795      -98.9795
   841        0.0035        0.8970        1.7853        1.6014      -98.9795      -98.9795
   842        0.0081        0.8970        1.7853        1.6014      -98.9795      -98.9795
   843        0.0028        0.8970        1.7853        1.6014      -98.9795      -98.9795
   844        0.0008        0.8970        1.7853        1.6014      -98.9795      -98.9795
   845        0.0003        0.8970        1.7853        1.6014      -98.9795      -98.9795
   846        0.0057        0.8970        1.7853        1.6014      -98.9795      -98.9795
   847        0.0022        0.8970        1.7853        1.6014      -98.9795      -98.9795
   848        0.0112        0.8970        1.7853        1.6014      -98.9795      -98.9795
   849        0.0127        0.8970        1.7853        1.6015      -98.9795      -98.9795
   850        0.0018        0.8970        1.7853        1.6015      -98.9795      -98.9795
   851        0.0002        0.8970        1.7853        1.6015      -98.9795      -98.9795
   852        0.0021        0.8970        1.7853        1.6015      -98.9795      -98.9795
   853        0.0009        0.8970        1.7853        1.6015      -98.9795      -98.9795
   854        0.0059        0.8970        1.7853        1.6015      -98.9795      -98.9795
   855        0.0019        0.8970        1.7853        1.6015      -98.9795      -98.9795
   856        0.0344        0.8970        1.7894        1.6051      -98.9795      -98.9795
   857        0.0035        0.8970        1.7894        1.6051      -98.9795      -98.9795
   858        0.0011        0.8970        1.7894        1.6051      -98.9795      -98.9795
   859        0.0004        0.8970        1.7894        1.6051      -98.9795      -98.9795
   860        0.0051        0.8970        1.7894        1.6051      -98.9795      -98.9795
   861        0.0039        0.8970        1.7894        1.6051      -98.9795      -98.9795
   862        0.0247        0.8970        1.7913        1.6068      -98.9795      -98.9795
   863        0.0087        0.8970        1.7913        1.6068      -98.9795      -98.9795
   864        0.0008        0.8970        1.7913        1.6068      -98.9795      -98.9795
   865        0.0016        0.8970        1.7913        1.6068      -98.9795      -98.9795
   866        0.0041        0.8970        1.7913        1.6068      -98.9795      -98.9795
   867        0.0001        0.8970        1.7913        1.6068      -98.9795      -98.9795
   868        0.0115        0.8970        1.7913        1.6068      -98.9795      -98.9795
   869        0.0070        0.8970        1.7913        1.6068      -98.9795      -98.9795
   870        0.0235        0.8970        1.7930        1.6083      -98.9795      -98.9795
   871        0.0015        0.8970        1.7930        1.6083      -98.9795      -98.9795
   872        0.0149        0.8970        1.7933        1.6086      -98.9795      -98.9795
   873        0.0011        0.8970        1.7933        1.6086      -98.9795      -98.9795
   874        0.0005        0.8970        1.7933        1.6086      -98.9795      -98.9795
   875        0.0008        0.8970        1.7933        1.6086      -98.9795      -98.9795
   876        0.0080        0.8970        1.7933        1.6086      -98.9795      -98.9795
   877        0.0011        0.8970        1.7933        1.6086      -98.9795      -98.9795
   878        0.0011        0.8970        1.7933        1.6086      -98.9795      -98.9795
   879        0.0052        0.8970        1.7933        1.6086      -98.9795      -98.9795
   880        0.0038        0.8970        1.7933        1.6086      -98.9795      -98.9795
   881        0.0006        0.8970        1.7933        1.6086      -98.9795      -98.9795
   882        0.0018        0.8970        1.7933        1.6086      -98.9795      -98.9795
   883        0.0225        0.8970        1.7949        1.6100      -98.9795      -98.9795
   884        0.0008        0.8970        1.7949        1.6100      -98.9795      -98.9795
   885        0.0076        0.8970        1.7949        1.6100      -98.9795      -98.9795
   886        0.0029        0.8970        1.7949        1.6100      -98.9795      -98.9795
   887        0.0006        0.8970        1.7949        1.6100      -98.9795      -98.9795
   888        0.0056        0.8970        1.7949        1.6100      -98.9795      -98.9795
   889        0.0077        0.8970        1.7949        1.6100      -98.9795      -98.9795
   890        0.0038        0.8970        1.7949        1.6100      -98.9795      -98.9795
   891        0.0035        0.8970        1.7949        1.6100      -98.9795      -98.9795
   892        0.0169        0.8970        1.7955        1.6105      -98.9795      -98.9795
   893        0.0200        0.8970        1.7965        1.6115      -98.9795      -98.9795
   894        0.0224        0.8970        1.7980        1.6128      -98.9795      -98.9795
   895        0.0016        0.8970        1.7980        1.6128      -98.9795      -98.9795
   896        0.0042        0.8970        1.7980        1.6128      -98.9795      -98.9795
   897        0.0119        0.8970        1.7980        1.6128      -98.9795      -98.9795
   898        0.0131        0.8970        1.7981        1.6129      -98.9795      -98.9795
   899        0.0044        0.8970        1.7981        1.6129      -98.9795      -98.9795
   900        0.0023        0.8970        1.7981        1.6129      -98.9795      -98.9795
   901        0.0175        0.8970        1.7988        1.6135      -98.9795      -98.9795
   902        0.0058        0.8970        1.7988        1.6135      -98.9795      -98.9795
   903        0.0002        0.8970        1.7988        1.6135      -98.9795      -98.9795
   904        0.0007        0.8970        1.7988        1.6135      -98.9795      -98.9795
   905        0.0045        0.8970        1.7988        1.6135      -98.9795      -98.9795
   906        0.0007        0.8970        1.7988        1.6135      -98.9795      -98.9795
   907        0.0049        0.8970        1.7988        1.6135      -98.9795      -98.9795
   908        0.0003        0.8970        1.7988        1.6135      -98.9795      -98.9795
   909        0.0052        0.8970        1.7988        1.6135      -98.9795      -98.9795
   910        0.0163        0.8970        1.7993        1.6140      -98.9795      -98.9795
   911        0.0056        0.8970        1.7993        1.6140      -98.9795      -98.9795
   912        0.0040        0.8970        1.7993        1.6140      -98.9795      -98.9795
   913        0.0220        0.8970        1.8007        1.6152      -98.9795      -98.9795
   914        0.0486        0.8970        1.8083        1.6220      -98.9795      -98.9795
   915        0.0251        0.8970        1.8102        1.6238      -98.9795      -98.9795
   916        0.0220        0.8970        1.8116        1.6250      -98.9795      -98.9795
   917        0.0011        0.8970        1.8116        1.6250      -98.9795      -98.9795
   918        0.0087        0.8970        1.8116        1.6250      -98.9795      -98.9795
   919        0.0119        0.8970        1.8116        1.6250      -98.9795      -98.9795
   920        0.0025        0.8970        1.8116        1.6250      -98.9795      -98.9795
   921        0.0001        0.8970        1.8116        1.6250      -98.9795      -98.9795
   922        0.0025        0.8970        1.8116        1.6250      -98.9795      -98.9795
   923        0.0025        0.8970        1.8116        1.6250      -98.9795      -98.9795
   924        0.0035        0.8970        1.8116        1.6250      -98.9795      -98.9795
   925        0.0008        0.8970        1.8116        1.6250      -98.9795      -98.9795
   926        0.0011        0.8970        1.8116        1.6250      -98.9795      -98.9795
   927        0.0160        0.8970        1.8121        1.6254      -98.9795      -98.9795
   928        0.0055        0.8970        1.8121        1.6254      -98.9795      -98.9795
   929        0.0278        0.8970        1.8145        1.6276      -98.9795      -98.9795
   930        0.0018        0.8970        1.8145        1.6276      -98.9795      -98.9795
   931        0.0062        0.8970        1.8145        1.6276      -98.9795      -98.9795
   932        0.0181        0.8970        1.8153        1.6283      -98.9795      -98.9795
   933        0.0015        0.8970        1.8153        1.6283      -98.9795      -98.9795
   934        0.0020        0.8970        1.8153        1.6283      -98.9795      -98.9795
   935        0.0001        0.8970        1.8153        1.6283      -98.9795      -98.9795
   936        0.0243        0.8970        1.8170        1.6299      -98.9795      -98.9795
   937        0.0013        0.8970        1.8170        1.6299      -98.9795      -98.9795
   938        0.0074        0.8970        1.8170        1.6299      -98.9795      -98.9795
   939        0.0015        0.8970        1.8170        1.6299      -98.9795      -98.9795
   940        0.0044        0.8970        1.8170        1.6299      -98.9795      -98.9795
   941        0.0003        0.8970        1.8170        1.6299      -98.9795      -98.9795
   942        0.0203        0.8970        1.8181        1.6308      -98.9795      -98.9795
   943        0.0044        0.8970        1.8181        1.6308      -98.9795      -98.9795
   944        0.0067        0.8970        1.8181        1.6308      -98.9795      -98.9795
   945        0.0100        0.8970        1.8181        1.6308      -98.9795      -98.9795
   946        0.0001        0.8970        1.8181        1.6308      -98.9795      -98.9795
   947        0.0038        0.8970        1.8181        1.6308      -98.9795      -98.9795
   948        0.0058        0.8970        1.8181        1.6308      -98.9795      -98.9795
   949        0.0028        0.8970        1.8181        1.6308      -98.9795      -98.9795
   950        0.0010        0.8970        1.8181        1.6308      -98.9795      -98.9795
   951        0.0006        0.8970        1.8181        1.6308      -98.9795      -98.9795
   952        0.0033        0.8970        1.8181        1.6308      -98.9795      -98.9795
   953        0.0005        0.8970        1.8181        1.6308      -98.9795      -98.9795
   954        0.0094        0.8970        1.8181        1.6308      -98.9795      -98.9795
   955        0.0090        0.8970        1.8181        1.6308      -98.9795      -98.9795
   956        0.0254        0.8970        1.8201        1.6326      -98.9795      -98.9795
   957        0.0008        0.8970        1.8201        1.6326      -98.9795      -98.9795
   958        0.0009        0.8970        1.8201        1.6326      -98.9795      -98.9795
   959        0.0160        0.8970        1.8205        1.6330      -98.9795      -98.9795
   960        0.0368        0.8970        1.8249        1.6369      -98.9795      -98.9795
   961        0.0076        0.8970        1.8249        1.6369      -98.9795      -98.9795
   962        0.0195        0.8970        1.8258        1.6378      -98.9795      -98.9795
   963        0.0474        0.8970        1.8329        1.6441      -98.9795      -98.9795
   964        0.0047        0.8970        1.8329        1.6441      -98.9795      -98.9795
   965        0.0152        0.8970        1.8332        1.6443      -98.9795      -98.9795
   966        0.0198        0.8970        1.8341        1.6452      -98.9795      -98.9795
   967        0.0176        0.8970        1.8347        1.6458      -98.9795      -98.9795
   968        0.0001        0.8970        1.8347        1.6458      -98.9795      -98.9795
   969        0.0057        0.8970        1.8347        1.6458      -98.9795      -98.9795
   970        0.0073        0.8970        1.8347        1.6458      -98.9795      -98.9795
  9999        0.0073        0.8970        5.1246        3.1213     -999.0000     -999.0000
 
 
 **ATENCION: The eroded channel has wall erosion (Sidorchuk, 1999)
 -------- Width displayed in the last line (9999) is the top with!
 
