 Fase1           1   6.39980659E-02  0.315228313       6.39980659E-02   2.01740023E-02
 Fase1           2  0.163139805      0.745999992      0.163139805      0.141876295    
 Fase2           2  0.619270146      0.745999992       1.34614308E-03
 Fase2           3  0.712393105      0.745999992       1.34038203E-03
 Fase2           4  0.712393105      0.745999992       1.37548987E-03
 Fase2           5  0.712393105      0.745999992       1.34614308E-03
 Fase2           6  0.712393105      0.745999992       1.37726369E-03
 Fase2           7  0.712393105      0.745999992       1.36710377E-03
 Fase2           8  0.712393105      0.745999992       1.32006197E-03
 Fase2           9  0.712393105      0.745999992       1.37726369E-03
 Fase2          10  0.712393105      0.745999992       1.35150575E-03
 Fase2          11  0.712393105      0.745999992       1.37482432E-03
 Fase2          12  0.808955729      0.745999992       1.33490283E-03
 Fase2          13  0.808955729      0.745999992       1.36710377E-03
 Fase2          14  0.808955729      0.745999992       1.37274095E-03
 Fase2          15  0.808955729      0.745999992       1.36895047E-03
 Fase2          16  0.831727684      0.745999992       1.33370294E-03
 Fase2          17  0.831727684      0.745999992       1.36153377E-03
 Fase2          18  0.831727684      0.745999992       1.36822497E-03
 Fase2          19  0.831727684      0.745999992       1.33515080E-03
 Fase2          20  0.831727684      0.745999992       1.35061541E-03
 Fase2          21  0.831727684      0.745999992       1.36610621E-03
 Fase2          22  0.831727684      0.745999992       1.33515080E-03
 Fase2          23  0.831727684      0.745999992       1.37042347E-03
 Fase2          24  0.831727684      0.745999992       1.37663167E-03
 Fase2          25  0.831727684      0.745999992       1.35484838E-03
 Fase2          26  0.831727684      0.745999992       1.37339742E-03
 Fase2          27  0.831727684      0.745999992       1.33441610E-03
 Fase2          28  0.934954286      0.745999992       1.32866495E-03
 Fase2          29  0.934954286      0.745999992       1.33804814E-03
 Fase2          30  0.934954286      0.745999992       1.37669325E-03
 Fase2          31  0.934954286      0.745999992       1.37042347E-03
 Fase2          32  0.934954286      0.745999992       1.37720525E-03
 Fase2          33  0.934954286      0.745999992       1.37663167E-03
 Fase2          34  0.934954286      0.745999992       1.37274095E-03
 Fase2          35  0.934954286      0.745999992       1.37482432E-03
 Fase2          36  0.934954286      0.745999992       1.33804814E-03
 Fase2          37  0.934954286      0.745999992       1.34614308E-03
 Fase2          38  0.934954286      0.745999992       1.35385559E-03
 Fase2          39  0.934954286      0.745999992       1.36895047E-03
 Fase2          40  0.934954286      0.745999992       1.36342866E-03
 Fase2          41  0.934954286      0.745999992       1.37720525E-03
 Fase2          42  0.934954286      0.745999992       1.33749528E-03
 Fase2          43  0.934954286      0.745999992       1.34467508E-03
 Fase2          44  0.934954286      0.745999992       1.33616512E-03
 Fase2          45  0.934954286      0.745999992       1.36342866E-03
 Fase2          46  0.934954286      0.745999992       1.37548987E-03
 Fase2          47   1.04892623      0.745999992       1.32380566E-03
 Fase2          48   1.04892623      0.745999992       1.37548987E-03
 Fase2          49   1.04892623      0.745999992       1.37548987E-03
 Fase2          50   1.04892623      0.745999992       1.35385559E-03
 Fase2          51   1.04892623      0.745999992       1.34007947E-03
 Fase2          52   1.04892623      0.745999992       1.32006197E-03
 Fase2          53   1.04892623      0.745999992       1.37042347E-03
 Fase2          54   1.04892623      0.745999992       1.37482432E-03
 Fase2          55   1.04892623      0.745999992       1.37339742E-03
 Fase2          56   1.04892623      0.745999992       1.35061541E-03
 Fase2          57   1.04892623      0.745999992       1.36822497E-03
 Fase2          58   1.04892623      0.745999992       1.35915459E-03
 Fase2          59   1.04892623      0.745999992       1.34467508E-03
 Fase2          60   1.04892623      0.745999992       1.37720525E-03
 Fase2          61   1.04892623      0.745999992       1.37610105E-03
 Fase2          62   1.04892623      0.745999992       1.36541994E-03
 Fase2          63   1.04892623      0.745999992       1.36710377E-03
 Fase2          64   1.04892623      0.745999992       1.37703947E-03
 Fase2          65   1.04892623      0.745999992       1.37482432E-03
 Fase2          66   1.04892623      0.745999992       1.37339742E-03
 Fase2          67   1.04892623      0.745999992       1.35915459E-03
 Fase2          68   1.04892623      0.745999992       1.37116865E-03
 Fase2          69   1.04892623      0.745999992       1.35337189E-03
 Fase2          70   1.04892623      0.745999992       1.37541792E-03
 Fase2          71   1.04892623      0.745999992       1.32006197E-03
 Fase2          72   1.04892623      0.745999992       1.32006197E-03
 Fase2          73   1.04892623      0.745999992       1.34038203E-03
 Fase2          74   1.04892623      0.745999992       1.37116865E-03
 Fase2          75   1.04892623      0.745999992       1.37720525E-03
 Fase2          76   1.04892623      0.745999992       1.37726369E-03
 Fase2          77   1.04892623      0.745999992       1.37610105E-03
 Fase2          78   1.04892623      0.745999992       1.34614308E-03
 Fase2          79   1.04892623      0.745999992       1.37339742E-03
 Fase2          80   1.04892623      0.745999992       1.37482432E-03
 Fase2          81   1.04892623      0.745999992       1.35061541E-03
 Fase2          82   1.04892623      0.745999992       1.34890829E-03
 Fase2          83   1.04892623      0.745999992       1.34890829E-03
 Fase2          84   1.04892623      0.745999992       1.34432036E-03
 Fase2          85   1.04892623      0.745999992       1.33804814E-03
 Fase2          86   1.04892623      0.745999992       1.37720525E-03
 Fase2          87   1.04892623      0.745999992       1.36278651E-03
 Fase2          88   1.04892623      0.745999992       1.35535549E-03
 Fase2          89   1.04892623      0.745999992       1.35385559E-03
 Fase2          90   1.04892623      0.745999992       1.37042347E-03
 Fase2          91   1.04892623      0.745999992       1.37726369E-03
 Fase2          92   1.04892623      0.745999992       1.37412210E-03
 Fase2          93   1.04892623      0.745999992       1.37726369E-03
 Fase2          94   1.06016505      0.745999992       1.32336305E-03
 Fase2          95   1.06016505      0.745999992       1.37541792E-03
 Fase2          96   1.06016505      0.745999992       1.32006197E-03
 Fase2          97   1.06016505      0.745999992       1.37548987E-03
 Fase2          98   1.06016505      0.745999992       1.37720525E-03
 Fase2          99   1.06016505      0.745999992       1.37669325E-03
 Fase2         100   1.06016505      0.745999992       1.35858450E-03
 Fase2         101   1.06016505      0.745999992       1.35747215E-03
 Fase2         102   1.06016505      0.745999992       1.37703947E-03
 Fase2         103   1.06016505      0.745999992       1.32487866E-03
 Fase2         104   1.06016505      0.745999992       1.34890829E-03
 Fase2         105   1.06016505      0.745999992       1.36032398E-03
 Fase2         106   1.06016505      0.745999992       1.36968412E-03
 Fase2         107   1.06016505      0.745999992       1.36968412E-03
 Fase2         108   1.06016505      0.745999992       1.32006197E-03
 Fase2         109   1.06016505      0.745999992       1.37482432E-03
 Fase2         110   1.06016505      0.745999992       1.35385559E-03
 Fase2         111   1.06016505      0.745999992       1.37703947E-03
 Fase2         112   1.16089451      0.745999992       1.31966651E-03
 Fase2         113   1.16089451      0.745999992       1.34539849E-03
 Fase2         114   1.26493514      0.745999992       1.31631386E-03
 Fase2         115   1.26493514      0.745999992       1.37412210E-03
 Fase2         116   1.26493514      0.745999992       1.33977900E-03
 Fase2         117   1.26493514      0.745999992       1.36822497E-03
 Fase2         118   1.26493514      0.745999992       1.33695570E-03
 Fase2         119   1.26493514      0.745999992       1.36710377E-03
 Fase2         120   1.26493514      0.745999992       1.32006197E-03
 Fase2         121   1.26493514      0.745999992       1.37042347E-03
 Fase2         122   1.26493514      0.745999992       1.34974963E-03
 Fase2         123   1.26493514      0.745999992       1.36710377E-03
 Fase2         124   1.26493514      0.745999992       1.37669325E-03
 Fase2         125   1.26493514      0.745999992       1.34432036E-03
 Fase2         126   1.26493514      0.745999992       1.36032398E-03
 Fase2         127   1.26493514      0.745999992       1.35385559E-03
 Fase2         128   1.26493514      0.745999992       1.36968412E-03
 Fase2         129   1.26493514      0.745999992       1.36680237E-03
 Fase2         130   1.26493514      0.745999992       1.35915459E-03
 Fase2         131   1.26493514      0.745999992       1.36092375E-03
 Fase2         132   1.26493514      0.745999992       1.35385559E-03
 Fase2         133   1.26493514      0.745999992       1.34890829E-03
 Fase2         134   1.26493514      0.745999992       1.36822497E-03
 Fase2         135   1.26493514      0.745999992       1.34195422E-03
 Fase2         136   1.26493514      0.745999992       1.37265911E-03
 Fase2         137   1.26493514      0.745999992       1.37669325E-03
 Fase2         138   1.26493514      0.745999992       1.35385559E-03
 Fase2         139   1.26493514      0.745999992       1.36278651E-03
 Fase2         140   1.26493514      0.745999992       1.34432036E-03
 Fase2         141   1.26493514      0.745999992       1.37703947E-03
 Fase2         142   1.26493514      0.745999992       1.36968412E-03
 Fase2         143   1.26493514      0.745999992       1.36610621E-03
 Fase2         144   1.26493514      0.745999992       1.32006197E-03
 Fase2         145   1.26493514      0.745999992       1.37265911E-03
 Fase2         146   1.26493514      0.745999992       1.33022375E-03
 Fase2         147   1.26493514      0.745999992       1.31641328E-03
 Fase2         148   1.26493514      0.745999992       1.37610105E-03
 Fase2         149   1.26493514      0.745999992       1.37663167E-03
 Fase2         150   1.26493514      0.745999992       1.37720525E-03
 Fase2         151   1.26493514      0.745999992       1.37663167E-03
 Fase2         152   1.26493514      0.745999992       1.37541792E-03
 Fase2         153   1.26493514      0.745999992       1.37274095E-03
 Fase2         154   1.26493514      0.745999992       1.37191452E-03
 Fase2         155   1.26493514      0.745999992       1.32006197E-03
 Fase2         156   1.26493514      0.745999992       1.32006197E-03
 Fase2         157   1.26493514      0.745999992       1.34974963E-03
 Fase2         158   1.26493514      0.745999992       1.33125519E-03
 Fase2         159   1.26493514      0.745999992       1.36968412E-03
 Fase2         160   1.28750122      0.745999992       1.31564494E-03
 Fase2         161   1.28750122      0.745999992       1.31785346E-03
 Fase2         162   1.28750122      0.745999992       1.32738508E-03
 Fase2         163   1.28750122      0.745999992       1.37339742E-03
 Fase2         164   1.28750122      0.745999992       1.35693082E-03
 Fase2         165   1.28750122      0.745999992       1.37548987E-03
 Fase2         166   1.28750122      0.745999992       1.32519519E-03
 Fase2         167   1.28750122      0.745999992       1.35535549E-03
 Fase2         168   1.28750122      0.745999992       1.34467508E-03
 Fase2         169   1.28750122      0.745999992       1.35535549E-03
 Fase2         170   1.28750122      0.745999992       1.37274095E-03
 Fase2         171   1.28750122      0.745999992       1.33832847E-03
 Fase2         172   1.28750122      0.745999992       1.32006197E-03
 Fase2         173   1.28750122      0.745999992       1.33977900E-03
 Fase2         174   1.28750122      0.745999992       1.33695570E-03
 Fase2         175   1.28750122      0.745999992       1.36278651E-03
 Fase2         176   1.28750122      0.745999992       1.32293138E-03
 Fase2         177   1.28750122      0.745999992       1.37726369E-03
 Fase2         178   1.28750122      0.745999992       1.37541792E-03
 Fase2         179   1.28750122      0.745999992       1.36342866E-03
 Fase2         180   1.28750122      0.745999992       1.37482432E-03
 Fase2         181   1.28750122      0.745999992       1.37726369E-03
 Fase2         182   1.28750122      0.745999992       1.36710377E-03
 Fase2         183   1.28750122      0.745999992       1.37548987E-03
 Fase2         184   1.28750122      0.745999992       1.37191452E-03
 Fase2         185   1.28750122      0.745999992       1.36968412E-03
 Fase2         186   1.28750122      0.745999992       1.37663167E-03
 Fase2         187   1.28750122      0.745999992       1.37339742E-03
 Fase2         188   1.28750122      0.745999992       1.37412210E-03
 Fase2         189   1.28750122      0.745999992       1.33977900E-03
 Fase2         190   1.28750122      0.745999992       1.36750832E-03
 Fase2         191   1.28750122      0.745999992       1.37669325E-03
 Fase2         192   1.28750122      0.745999992       1.37541792E-03
 Fase2         193   1.28750122      0.745999992       1.37669325E-03
 Fase2         194   1.28750122      0.745999992       1.31785346E-03
 Fase2         195   1.28750122      0.745999992       1.37663167E-03
 Fase2         196   1.28750122      0.745999992       1.32006197E-03
 Fase2         197   1.28750122      0.745999992       1.36541994E-03
 Fase2         198   1.28750122      0.745999992       1.37610105E-03
 Fase2         199   1.36871183      0.745999992       1.31339242E-03
 Fase2         200   1.36871183      0.745999992       1.35150575E-03
 Fase2         201   1.36871183      0.745999992       1.34652236E-03
 Fase2         202   1.36871183      0.745999992       1.36610621E-03
 Fase2         203   1.36871183      0.745999992       1.37042347E-03
 Fase2         204   1.36871183      0.745999992       1.36968412E-03
 Fase2         205   1.36871183      0.745999992       1.37726369E-03
 Fase2         206   1.36871183      0.745999992       1.36153377E-03
 Fase2         207   1.36871183      0.745999992       1.32006197E-03
 Fase2         208   1.36871183      0.745999992       1.32365664E-03
 Fase2         209   1.36871183      0.745999992       1.33695570E-03
 Fase2         210   1.36871183      0.745999992       1.37703947E-03
 Fase2         211   1.36871183      0.745999992       1.37548987E-03
 Fase2         212   1.36871183      0.745999992       1.36680237E-03
 Fase2         213   1.36871183      0.745999992       1.36968412E-03
 Fase2         214   1.36871183      0.745999992       1.33042573E-03
 Fase2         215   1.36871183      0.745999992       1.32006197E-03
 Fase2         216   1.36871183      0.745999992       1.34100032E-03
 Fase2         217   1.36871183      0.745999992       1.37191452E-03
 Fase2         218   1.36871183      0.745999992       1.36710377E-03
 Fase2         219   1.36871183      0.745999992       1.32006197E-03
 Fase2         220   1.36871183      0.745999992       1.33918831E-03
 Fase2         221   1.36871183      0.745999992       1.36408140E-03
 Fase2         222   1.36871183      0.745999992       1.37703947E-03
 Fase2         223   1.36871183      0.745999992       1.37274095E-03
 Fase2         224   1.36871183      0.745999992       1.36710377E-03
 Fase2         225   1.36871183      0.745999992       1.36278651E-03
 Fase2         226   1.36871183      0.745999992       1.36408140E-03
 Fase2         227   1.36871183      0.745999992       1.36680237E-03
 Fase2         228   1.36871183      0.745999992       1.36153377E-03
 Fase2         229   1.36871183      0.745999992       1.36895047E-03
 Fase2         230   1.36871183      0.745999992       1.37274095E-03
 Fase2         231   1.36871183      0.745999992       1.32441195E-03
 Fase2         232   1.36871183      0.745999992       1.36968412E-03
 Fase2         233   1.36871183      0.745999992       1.37726369E-03
 Fase2         234   1.36871183      0.745999992       1.35105650E-03
 Fase2         235   1.36871183      0.745999992       1.36822497E-03
 Fase2         236   1.36871183      0.745999992       1.32142263E-03
 Fase2         237   1.36871183      0.745999992       1.36750832E-03
 Fase2         238   1.36871183      0.745999992       1.37274095E-03
 Fase2         239   1.36871183      0.745999992       1.37548987E-03
 Fase2         240   1.36871183      0.745999992       1.37541792E-03
 Fase2         241   1.36871183      0.745999992       1.37703947E-03
 Fase2         242   1.36871183      0.745999992       1.32006197E-03
 Fase2         243   1.36871183      0.745999992       1.31722027E-03
 Fase2         244   1.36871183      0.745999992       1.35587226E-03
 Fase2         245   1.36871183      0.745999992       1.36895047E-03
 Fase2         246   1.36871183      0.745999992       1.33977900E-03
 Fase2         247   1.36871183      0.745999992       1.37610105E-03
 Fase2         248   1.36871183      0.745999992       1.37703947E-03
 Fase2         249   1.36871183      0.745999992       1.37669325E-03
 Fase2         250   1.36871183      0.745999992       1.35858450E-03
 Fase2         251   1.36871183      0.745999992       1.34729501E-03
 Fase2         252   1.36871183      0.745999992       1.37482432E-03
 Fase2         253   1.36871183      0.745999992       1.35802361E-03
 Fase2         254   1.36871183      0.745999992       1.37541792E-03
 Fase2         255   1.36871183      0.745999992       1.37669325E-03
 Fase2         256   1.36871183      0.745999992       1.35802361E-03
 Fase2         257   1.36871183      0.745999992       1.32006197E-03
 Fase2         258   1.36871183      0.745999992       1.36215519E-03
 Fase2         259   1.36871183      0.745999992       1.36541994E-03
 Fase2         260   1.44917321      0.745999992       1.31138565E-03
 Fase2         261   1.44917321      0.745999992       1.31583482E-03
 Fase2         262   1.44917321      0.745999992       1.32236851E-03
 Fase2         263   1.44917321      0.745999992       1.36342866E-03
 Fase2         264   1.44917321      0.745999992       1.36092375E-03
 Fase2         265   1.44917321      0.745999992       1.37412210E-03
 Fase2         266   1.44917321      0.745999992       1.37191452E-03
 Fase2         267   1.44917321      0.745999992       1.35150575E-03
 Fase2         268   1.44917321      0.745999992       1.37541792E-03
 Fase2         269   1.44917321      0.745999992       1.36968412E-03
 Fase2         270   1.44917321      0.745999992       1.36710377E-03
 Fase2         271   1.44917321      0.745999992       1.35484838E-03
 Fase2         272   1.44917321      0.745999992       1.36541994E-03
 Fase2         273   1.44917321      0.745999992       1.36610621E-03
 Fase2         274   1.44917321      0.745999992       1.33918831E-03
 Fase2         275   1.44917321      0.745999992       1.37610105E-03
 Fase2         276   1.44917321      0.745999992       1.37116865E-03
 Fase2         277   1.44917321      0.745999992       1.34227914E-03
 Fase2         278   1.44917321      0.745999992       1.35337189E-03
 Fase2         279   1.44917321      0.745999992       1.33540027E-03
 Fase2         280   1.44917321      0.745999992       1.35484838E-03
 Fase2         281   1.44917321      0.745999992       1.37663167E-03
 Fase2         282   1.44917321      0.745999992       1.37720525E-03
 Fase2         283   1.44917321      0.745999992       1.37548987E-03
 Fase2         284   1.44917321      0.745999992       1.36342866E-03
 Fase2         285   1.44917321      0.745999992       1.33918831E-03
 Fase2         286   1.44917321      0.745999992       1.36822497E-03
 Fase2         287   1.44917321      0.745999992       1.31931179E-03
 Fase2         288   1.44917321      0.745999992       1.33515080E-03
 Fase2         289   1.44917321      0.745999992       1.36710377E-03
 Fase2         290   1.44917321      0.745999992       1.37726369E-03
 Fase2         291   1.44917321      0.745999992       1.32006197E-03
 Fase2         292   1.44917321      0.745999992       1.32006197E-03
 Fase2         293   1.59216547      0.745999992       1.30831823E-03
 Fase2         294   1.59216547      0.745999992       1.35434768E-03
 Fase2         295   1.59216547      0.745999992       1.36710377E-03
 Fase2         296   1.59216547      0.745999992       1.34690653E-03
 Fase2         297   1.59216547      0.745999992       1.34131429E-03
 Fase2         298   1.59216547      0.745999992       1.32006197E-03
 Fase2         299   1.59216547      0.745999992       1.32006197E-03
 Fase2         300   1.59216547      0.745999992       1.34432036E-03
 Fase2         301   1.59216547      0.745999992       1.36342866E-03
 Fase2         302   1.59216547      0.745999992       1.37703947E-03
 Fase2         303   1.59216547      0.745999992       1.36822497E-03
 Fase2         304   1.59216547      0.745999992       1.32006197E-03
 Fase2         305   1.59216547      0.745999992       1.37274095E-03
 Fase2         306   1.59216547      0.745999992       1.32703257E-03
 Fase2         307   1.59216547      0.745999992       1.35385559E-03
 Fase2         308   1.59216547      0.745999992       1.36680237E-03
 Fase2         309   1.59216547      0.745999992       1.33146835E-03
 Fase2         310   1.59216547      0.745999992       1.36342866E-03
 Fase2         311   1.59216547      0.745999992       1.34769036E-03
 Fase2         312   1.59216547      0.745999992       1.37703947E-03
 Fase2         313   1.59216547      0.745999992       1.37541792E-03
 Fase2         314   1.59216547      0.745999992       1.35802361E-03
 Fase2         315   1.59216547      0.745999992       1.35915459E-03
 Fase2         316   1.59216547      0.745999992       1.35587226E-03
 Fase2         317   1.59216547      0.745999992       1.36032398E-03
 Fase2         318   1.59216547      0.745999992       1.37482432E-03
 Fase2         319   1.59216547      0.745999992       1.37669325E-03
 Fase2         320   1.59216547      0.745999992       1.34432036E-03
 Fase2         321   1.59216547      0.745999992       1.33417547E-03
 Fase2         322   1.59216547      0.745999992       1.37265911E-03
 Fase2         323   1.59216547      0.745999992       1.37541792E-03
 Fase2         324   1.59216547      0.745999992       1.36710377E-03
 Fase2         325   1.59216547      0.745999992       1.37703947E-03
 Fase2         326   1.59216547      0.745999992       1.34652236E-03
 Fase2         327   1.59216547      0.745999992       1.37610105E-03
 Fase2         328   1.59216547      0.745999992       1.36895047E-03
 Fase2         329   1.59216547      0.745999992       1.37663167E-03
 Fase2         330   1.59216547      0.745999992       1.37720525E-03
 Fase2         331   1.59216547      0.745999992       1.35693082E-03
 Fase2         332   1.59216547      0.745999992       1.34849618E-03
 Fase2         333   1.59216547      0.745999992       1.37548987E-03
 Fase2         334   1.59216547      0.745999992       1.37541792E-03
 Fase2         335   1.59216547      0.745999992       1.32380566E-03
 Fase2         336   1.59216547      0.745999992       1.37663167E-03
 Fase2         337   1.59216547      0.745999992       1.37663167E-03
 Fase2         338   1.59216547      0.745999992       1.37339742E-03
 Fase2         339   1.59216547      0.745999992       1.37339742E-03
 Fase2         340   1.59216547      0.745999992       1.37274095E-03
 Fase2         341   1.59216547      0.745999992       1.35484838E-03
 Fase2         342   1.59216547      0.745999992       1.33125519E-03
 Fase2         343   1.59216547      0.745999992       1.33278221E-03
 Fase2         344   1.59216547      0.745999992       1.32006197E-03
 Fase2         345   1.59216547      0.745999992       1.35587226E-03
 Fase2         346   1.59216547      0.745999992       1.32738508E-03
 Fase2         347   1.59216547      0.745999992       1.34503527E-03
 Fase2         348   1.59216547      0.745999992       1.32756366E-03
 Fase2         349   1.59216547      0.745999992       1.35105650E-03
 Fase2         350   1.59216547      0.745999992       1.36474485E-03
 Fase2         351   1.59216547      0.745999992       1.36822497E-03
 Fase2         352   1.59216547      0.745999992       1.34260883E-03
 Fase2         353   1.59216547      0.745999992       1.34195422E-03
 Fase2         354   1.59216547      0.745999992       1.37191452E-03
 Fase2         355   1.59216547      0.745999992       1.32866495E-03
 Fase2         356   1.59216547      0.745999992       1.34362315E-03
 Fase2         357   1.59216547      0.745999992       1.37548987E-03
 Fase2         358   1.59216547      0.745999992       1.36680237E-03
 Fase2         359   1.59216547      0.745999992       1.37274095E-03
 Fase2         360   1.59216547      0.745999992       1.37669325E-03
 Fase2         361   1.59216547      0.745999992       1.37116865E-03
 Fase2         362   1.59216547      0.745999992       1.36610621E-03
 Fase2         363   1.59216547      0.745999992       1.35385559E-03
 Fase2         364   1.59216547      0.745999992       1.32617704E-03
 Fase2         365   1.59216547      0.745999992       1.36153377E-03
 Fase2         366   1.59216547      0.745999992       1.36278651E-03
 Fase2         367   1.59216547      0.745999992       1.32006197E-03
 Fase2         368   1.59216547      0.745999992       1.36710377E-03
 Fase2         369   1.59216547      0.745999992       1.33832847E-03
 Fase2         370   1.59216547      0.745999992       1.32472184E-03
 Fase2         371   1.59216547      0.745999992       1.35535549E-03
 Fase2         372   1.59216547      0.745999992       1.37042347E-03
 Fase2         373   1.59216547      0.745999992       1.37726369E-03
 Fase2         374   1.59216547      0.745999992       1.37541792E-03
 Fase2         375   1.59216547      0.745999992       1.37541792E-03
 Fase2         376   1.59216547      0.745999992       1.37482432E-03
 Fase2         377   1.59216547      0.745999992       1.37548987E-03
 Fase2         378   1.59216547      0.745999992       1.37274095E-03
 Fase2         379   1.59216547      0.745999992       1.33146835E-03
 Fase2         380   1.59216547      0.745999992       1.37663167E-03
 Fase2         381   1.59216547      0.745999992       1.37339742E-03
 Fase2         382   1.59216547      0.745999992       1.35385559E-03
 Fase2         383   1.59216547      0.745999992       1.37663167E-03
 Fase2         384   1.59216547      0.745999992       1.37339742E-03
 Fase2         385   1.59216547      0.745999992       1.36474485E-03
 Fase2         386   1.59216547      0.745999992       1.33125519E-03
 Fase2         387   1.59216547      0.745999992       1.36750832E-03
 Fase2         388   1.59216547      0.745999992       1.36822497E-03
 Fase2         389   1.59216547      0.745999992       1.37191452E-03
 Fase2         390   1.59216547      0.745999992       1.33278221E-03
 Fase2         391   1.59216547      0.745999992       1.37274095E-03
 Fase2         392   1.59216547      0.745999992       1.37610105E-03
 Fase2         393   1.59216547      0.745999992       1.33804814E-03
 Fase2         394   1.59216547      0.745999992       1.37720525E-03
 Fase2         395   1.59216547      0.745999992       1.35385559E-03
 Fase2         396   1.59216547      0.745999992       1.37274095E-03
 Fase2         397   1.59216547      0.745999992       1.34849618E-03
 Fase2         398   1.59216547      0.745999992       1.35434768E-03
 Fase2         399   1.59216547      0.745999992       1.36680237E-03
 Fase2         400   1.59216547      0.745999992       1.32456596E-03
 Fase2         401   1.59216547      0.745999992       1.34849618E-03
 Fase2         402   1.59216547      0.745999992       1.37191452E-03
 Fase2         403   1.59216547      0.745999992       1.31722027E-03
 Fase2         404   1.59216547      0.745999992       1.35061541E-03
 Fase2         405   1.59216547      0.745999992       1.34227914E-03
 Fase2         406   1.59216547      0.745999992       1.35242438E-03
 Fase2         407   1.59216547      0.745999992       1.34432036E-03
 Fase2         408   1.59216547      0.745999992       1.35289389E-03
 Fase2         409   1.59216547      0.745999992       1.37669325E-03
 Fase2         410   1.59216547      0.745999992       1.37482432E-03
 Fase2         411   1.59216547      0.745999992       1.34467508E-03
 Fase2         412   1.59216547      0.745999992       1.33832847E-03
 Fase2         413   1.59216547      0.745999992       1.36822497E-03
 Fase2         414   1.59216547      0.745999992       1.33832847E-03
 Fase2         415   1.59216547      0.745999992       1.35150575E-03
 Fase2         416   1.59216547      0.745999992       1.37042347E-03
 Fase2         417   1.59216547      0.745999992       1.37720525E-03
 Fase2         418   1.59216547      0.745999992       1.37042347E-03
 Fase2         419   1.59216547      0.745999992       1.33465871E-03
 Fase2         420   1.59216547      0.745999992       1.37541792E-03
 Fase2         421   1.59216547      0.745999992       1.33832847E-03
 Fase2         422   1.59216547      0.745999992       1.37339742E-03
 Fase2         423   1.59216547      0.745999992       1.36750832E-03
 Fase2         424   1.59216547      0.745999992       1.32006197E-03
 Fase2         425   1.59216547      0.745999992       1.37191452E-03
 Fase2         426   1.59216547      0.745999992       1.34328054E-03
 Fase2         427   1.59216547      0.745999992       1.36680237E-03
 Fase2         428   1.59216547      0.745999992       1.36541994E-03
 Fase2         429   1.59216547      0.745999992       1.37720525E-03
 Fase2         430   1.59216547      0.745999992       1.37726369E-03
 Fase2         431   1.59216547      0.745999992       1.34974963E-03
 Fase2         432   1.59216547      0.745999992       1.35242438E-03
 Fase2         433   1.59216547      0.745999992       1.37663167E-03
 Fase2         434   1.59216547      0.745999992       1.33616512E-03
 Fase2         435   1.59216547      0.745999992       1.32278900E-03
 Fase2         436   1.59216547      0.745999992       1.37720525E-03
 Fase2         437   1.59216547      0.745999992       1.33515080E-03
 Fase2         438   1.59216547      0.745999992       1.35289389E-03
 Fase2         439   1.59216547      0.745999992       1.36153377E-03
 Fase2         440   1.59216547      0.745999992       1.36474485E-03
 Fase2         441   1.59216547      0.745999992       1.37548987E-03
 Fase2         442   1.59216547      0.745999992       1.36610621E-03
 Fase2         443   1.59216547      0.745999992       1.34614308E-03
 Fase2         444   1.59216547      0.745999992       1.37274095E-03
 Fase2         445   1.59216547      0.745999992       1.33146835E-03
 Fase2         446   1.59216547      0.745999992       1.31404947E-03
 Fase2         447   1.59216547      0.745999992       1.37720525E-03
 Fase2         448   1.59216547      0.745999992       1.37720525E-03
 Fase2         449   1.59216547      0.745999992       1.35587226E-03
 Fase2         450   1.59216547      0.745999992       1.33861206E-03
 Fase2         451   1.59216547      0.745999992       1.37042347E-03
 Fase2         452   1.59216547      0.745999992       1.37042347E-03
 Fase2         453   1.59216547      0.745999992       1.37274095E-03
 Fase2         454   1.59216547      0.745999992       1.37726369E-03
 Fase2         455   1.59216547      0.745999992       1.36408140E-03
 Fase2         456   1.59216547      0.745999992       1.37720525E-03
 Fase2         457   1.59216547      0.745999992       1.36215519E-03
 Fase2         458   1.59216547      0.745999992       1.37541792E-03
 Fase2         459   1.59216547      0.745999992       1.36710377E-03
 Fase2         460   1.59216547      0.745999992       1.33002165E-03
 Fase2         461   1.59216547      0.745999992       1.32006197E-03
 Fase2         462   1.59216547      0.745999992       1.36710377E-03
 Fase2         463   1.59216547      0.745999992       1.33977900E-03
 Fase2         464   1.59216547      0.745999992       1.33948307E-03
 Fase2         465   1.59216547      0.745999992       1.33948307E-03
 Fase2         466   1.59216547      0.745999992       1.37663167E-03
 Fase2         467   1.59216547      0.745999992       1.37191452E-03
 Fase2         468   1.59216547      0.745999992       1.37610105E-03
 Fase2         469   1.59216547      0.745999992       1.36092375E-03
 Fase2         470   1.59216547      0.745999992       1.36680237E-03
 Fase2         471   1.59216547      0.745999992       1.35150575E-03
 Fase2         472   1.59216547      0.745999992       1.37720525E-03
 Fase2         473   1.59216547      0.745999992       1.36342866E-03
 Fase2         474   1.59216547      0.745999992       1.33370294E-03
 Fase2         475   1.59216547      0.745999992       1.33255927E-03
 Fase2         476   1.59216547      0.745999992       1.33323867E-03
 Fase2         477   1.59216547      0.745999992       1.34294247E-03
 Fase2         478   1.59216547      0.745999992       1.35747215E-03
 Fase2         479   1.59216547      0.745999992       1.34614308E-03
 Fase2         480   1.59216547      0.745999992       1.34260883E-03
 Fase2         481   1.59216547      0.745999992       1.36215519E-03
 Fase2         482   1.59216547      0.745999992       1.37339742E-03
 Fase2         483   1.59216547      0.745999992       1.37610105E-03
 Fase2         484   1.59216547      0.745999992       1.32885284E-03
 Fase2         485   1.59216547      0.745999992       1.35639636E-03
 Fase2         486   1.59216547      0.745999992       1.35639636E-03
 Fase2         487   1.59216547      0.745999992       1.35915459E-03
 Fase2         488   1.59216547      0.745999992       1.32006197E-03
 Fase2         489   1.59216547      0.745999992       1.37548987E-03
 Fase2         490   1.59216547      0.745999992       1.34849618E-03
 Fase2         491   1.59216547      0.745999992       1.37548987E-03
 Fase2         492   1.59216547      0.745999992       1.37720525E-03
 Fase2         493   1.59216547      0.745999992       1.37541792E-03
 Fase2         494   1.59216547      0.745999992       1.37339742E-03
 Fase2         495   1.59216547      0.745999992       1.37703947E-03
 Fase2         496   1.59216547      0.745999992       1.37339742E-03
 Fase2         497   1.59216547      0.745999992       1.34809013E-03
 Fase2         498   1.59216547      0.745999992       1.32006197E-03
 Fase2         499   1.59216547      0.745999992       1.33233680E-03
 Fase2         500   1.59216547      0.745999992       1.35434768E-03
 Fase2         501   1.59216547      0.745999992       1.37482432E-03
 Fase2         502   1.59216547      0.745999992       1.36822497E-03
 Fase2         503   1.59216547      0.745999992       1.34932494E-03
 Fase2         504   1.59216547      0.745999992       1.36710377E-03
 Fase2         505   1.59216547      0.745999992       1.32006197E-03
 Fase2         506   1.59216547      0.745999992       1.37339742E-03
 Fase2         507   1.59216547      0.745999992       1.37042347E-03
 Fase2         508   1.59216547      0.745999992       1.35434768E-03
 Fase2         509   1.59216547      0.745999992       1.34729501E-03
 Fase2         510   1.59216547      0.745999992       1.37548987E-03
 Fase2         511   1.59216547      0.745999992       1.37191452E-03
 Fase2         512   1.59216547      0.745999992       1.37663167E-03
 Fase2         513   1.59216547      0.745999992       1.37663167E-03
 Fase2         514   1.59216547      0.745999992       1.34068879E-03
 Fase2         515   1.59216547      0.745999992       1.35915459E-03
 Fase2         516   1.59216547      0.745999992       1.32129143E-03
 Fase2         517   1.59216547      0.745999992       1.33616512E-03
 Fase2         518   1.59216547      0.745999992       1.33300957E-03
 Fase2         519   1.59216547      0.745999992       1.37548987E-03
 Fase2         520   1.59216547      0.745999992       1.34769036E-03
 Fase2         521   1.59216547      0.745999992       1.33695570E-03
 Fase2         522   1.59216547      0.745999992       1.37265911E-03
 Fase2         523   1.59216547      0.745999992       1.37720525E-03
 Fase2         524   1.59216547      0.745999992       1.37042347E-03
 Fase2         525   1.59216547      0.745999992       1.36610621E-03
 Fase2         526   1.59216547      0.745999992       1.36710377E-03
 Fase2         527   1.59216547      0.745999992       1.37703947E-03
 Fase2         528   1.59216547      0.745999992       1.36710377E-03
 Fase2         529   1.59216547      0.745999992       1.36710377E-03
 Fase2         530   1.59216547      0.745999992       1.34227914E-03
 Fase2         531   1.59216547      0.745999992       1.37042347E-03
 Fase2         532   1.59216547      0.745999992       1.36610621E-03
 Fase2         533   1.59216547      0.745999992       1.37726369E-03
 Fase2         534   1.59216547      0.745999992       1.32006197E-03
 Fase2         535   1.59216547      0.745999992       1.32006197E-03
 Fase2         536   1.59216547      0.745999992       1.35693082E-03
 Fase2         537   1.59216547      0.745999992       1.36968412E-03
 Fase2         538   1.59216547      0.745999992       1.32006197E-03
 Fase2         539   1.59216547      0.745999992       1.34260883E-03
 Fase2         540   1.59216547      0.745999992       1.33393786E-03
 Fase2         541   1.59216547      0.745999992       1.36215519E-03
 Fase2         542   1.59216547      0.745999992       1.37669325E-03
 Fase2         543   1.59216547      0.745999992       1.37720525E-03
 Fase2         544   1.59216547      0.745999992       1.36153377E-03
 Fase2         545   1.59216547      0.745999992       1.35639636E-03
 Fase2         546   1.59216547      0.745999992       1.36822497E-03
 Fase2         547   1.59216547      0.745999992       1.34849618E-03
 Fase2         548   1.59216547      0.745999992       1.36610621E-03
 Fase2         549   1.59216547      0.745999992       1.37610105E-03
 Fase2         550   1.59216547      0.745999992       1.37663167E-03
 Fase2         551   1.59216547      0.745999992       1.37663167E-03
 Fase2         552   1.59216547      0.745999992       1.32006197E-03
 Fase2         553   1.59216547      0.745999992       1.32006197E-03
 Fase2         554   1.59216547      0.745999992       1.33278221E-03
 Fase2         555   1.59216547      0.745999992       1.33083784E-03
 Fase2         556   1.59216547      0.745999992       1.36822497E-03
 Fase2         557   1.59216547      0.745999992       1.36895047E-03
 Fase2         558   1.59216547      0.745999992       1.37116865E-03
 Fase2         559   1.59216547      0.745999992       1.35973387E-03
 Fase2         560   1.59216547      0.745999992       1.33616512E-03
 Fase2         561   1.59216547      0.745999992       1.36408140E-03
 Fase2         562   1.59216547      0.745999992       1.37339742E-03
 Fase2         563   1.59216547      0.745999992       1.36215519E-03
 Fase2         564   1.59216547      0.745999992       1.36215519E-03
 Fase2         565   1.59216547      0.745999992       1.33565371E-03
 Fase2         566   1.59216547      0.745999992       1.36750832E-03
 Fase2         567   1.59216547      0.745999992       1.36710377E-03
 Fase2         568   1.59216547      0.745999992       1.37541792E-03
 Fase2         569   1.59216547      0.745999992       1.36822497E-03
 Fase2         570   1.59216547      0.745999992       1.37548987E-03
 Fase2         571   1.59216547      0.745999992       1.37541792E-03
 Fase2         572   1.59216547      0.745999992       1.37274095E-03
 Fase2         573   1.59216547      0.745999992       1.37669325E-03
 Fase2         574   1.59216547      0.745999992       1.36215519E-03
 Fase2         575   1.59216547      0.745999992       1.32006197E-03
 Fase2         576   1.59216547      0.745999992       1.36750832E-03
 Fase2         577   1.59216547      0.745999992       1.31774484E-03
 Fase2         578   1.59216547      0.745999992       1.37042347E-03
 Fase2         579   1.59216547      0.745999992       1.35587226E-03
 Fase2         580   1.59216547      0.745999992       1.33300957E-03
 Fase2         581   1.59216547      0.745999992       1.33515080E-03
 Fase2         582   1.59216547      0.745999992       1.37541792E-03
 Fase2         583   1.59216547      0.745999992       1.34539849E-03
 Fase2         584   1.59216547      0.745999992       1.34195422E-03
 Fase2         585   1.59216547      0.745999992       1.34729501E-03
 Fase2         586   1.59216547      0.745999992       1.31661189E-03
 Fase2         587   1.59216547      0.745999992       1.36895047E-03
 Fase2         588   1.59216547      0.745999992       1.37720525E-03
 Fase2         589   1.59216547      0.745999992       1.37610105E-03
 Fase2         590   1.59216547      0.745999992       1.33565371E-03
 Fase2         591   1.59216547      0.745999992       1.33346871E-03
 Fase2         592   1.59216547      0.745999992       1.34614308E-03
 Fase2         593   1.59216547      0.745999992       1.35535549E-03
 Fase2         594   1.59216547      0.745999992       1.31421711E-03
 Fase2         595   1.59216547      0.745999992       1.37042347E-03
 Fase2         596   1.59216547      0.745999992       1.37116865E-03
 Fase2         597   1.59216547      0.745999992       1.36822497E-03
 Fase2         598   1.59216547      0.745999992       1.37116865E-03
 Fase2         599   1.59216547      0.745999992       1.35639636E-03
 Fase2         600   1.59216547      0.745999992       1.36153377E-03
 Fase2         601   1.59216547      0.745999992       1.37274095E-03
 Fase2         602   1.59216547      0.745999992       1.37042347E-03
 Fase2         603   1.59216547      0.745999992       1.37548987E-03
 Fase2         604   1.59216547      0.745999992       1.37265911E-03
 Fase2         605   1.59216547      0.745999992       1.36680237E-03
 Fase2         606   1.59216547      0.745999992       1.35242438E-03
 Fase2         607   1.59216547      0.745999992       1.37191452E-03
 Fase2         608   1.59216547      0.745999992       1.35017920E-03
 Fase2         609   1.59216547      0.745999992       1.34163199E-03
 Fase2         610   1.59216547      0.745999992       1.34227914E-03
 Fase2         611   1.59216547      0.745999992       1.36408140E-03
 Fase2         612   1.59216547      0.745999992       1.37703947E-03
 Fase2         613   1.59216547      0.745999992       1.35747215E-03
 Fase2         614   1.59216547      0.745999992       1.37703947E-03
 Fase2         615   1.59216547      0.745999992       1.33749528E-03
 Fase2         616   1.59216547      0.745999992       1.34294247E-03
 Fase2         617   1.59216547      0.745999992       1.36750832E-03
 Fase2         618   1.59216547      0.745999992       1.36092375E-03
 Fase2         619   1.59216547      0.745999992       1.37703947E-03
 Fase2         620   1.59216547      0.745999992       1.36278651E-03
 Fase2         621   1.59216547      0.745999992       1.35587226E-03
 Fase2         622   1.59216547      0.745999992       1.35105650E-03
 Fase2         623   1.59216547      0.745999992       1.35802361E-03
 Fase2         624   1.59216547      0.745999992       1.35535549E-03
 Fase2         625   1.59216547      0.745999992       1.36092375E-03
 Fase2         626   1.59216547      0.745999992       1.37191452E-03
 Fase2         627   1.59216547      0.745999992       1.34539849E-03
 Fase2         628   1.59216547      0.745999992       1.36610621E-03
 Fase2         629   1.59216547      0.745999992       1.36822497E-03
 Fase2         630   1.59216547      0.745999992       1.33861206E-03
 Fase2         631   1.59216547      0.745999992       1.35535549E-03
 Fase2         632   1.59216547      0.745999992       1.36610621E-03
 Fase2         633   1.59216547      0.745999992       1.37720525E-03
 Fase2         634   1.59216547      0.745999992       1.37720525E-03
 Fase2         635   1.59216547      0.745999992       1.32519519E-03
 Fase2         636   1.59216547      0.745999992       1.37274095E-03
 Fase2         637   1.59216547      0.745999992       1.36342866E-03
 Fase2         638   1.59216547      0.745999992       1.37663167E-03
 Fase2         639   1.59216547      0.745999992       1.37265911E-03
 Fase2         640   1.59216547      0.745999992       1.37726369E-03
 Fase2         641   1.59216547      0.745999992       1.36610621E-03
 Fase2         642   1.59216547      0.745999992       1.37726369E-03
 Fase2         643   1.59216547      0.745999992       1.36610621E-03
 Fase2         644   1.59216547      0.745999992       1.37726369E-03
 Fase2         645   1.59216547      0.745999992       1.37703947E-03
 Fase2         646   1.59216547      0.745999992       1.37541792E-03
 Fase2         647   1.59216547      0.745999992       1.32006197E-03
 Fase2         648   1.59216547      0.745999992       1.36710377E-03
 Fase2         649   1.59216547      0.745999992       1.36342866E-03
 Fase2         650   1.59216547      0.745999992       1.37265911E-03
 Fase2         651   1.59216547      0.745999992       1.37726369E-03
 Fase2         652   1.59216547      0.745999992       1.37720525E-03
 Fase2         653   1.59216547      0.745999992       1.37042347E-03
 Fase2         654   1.59216547      0.745999992       1.37412210E-03
 Fase2         655   1.59216547      0.745999992       1.36895047E-03
 Fase2         656   1.59216547      0.745999992       1.34007947E-03
 Fase2         657   1.59216547      0.745999992       1.37339742E-03
 Fase2         658   1.59216547      0.745999992       1.37482432E-03
 Fase2         659   1.59216547      0.745999992       1.37274095E-03
 Fase2         660   1.59216547      0.745999992       1.36750832E-03
 Fase2         661   1.59216547      0.745999992       1.35973387E-03
 Fase2         662   1.59216547      0.745999992       1.36342866E-03
 Fase2         663   1.59216547      0.745999992       1.36153377E-03
 Fase2         664   1.59216547      0.745999992       1.32006197E-03
 Fase2         665   1.59216547      0.745999992       1.37720525E-03
 Fase2         666   1.59216547      0.745999992       1.37720525E-03
 Fase2         667   1.59216547      0.745999992       1.37412210E-03
 Fase2         668   1.59216547      0.745999992       1.37669325E-03
 Fase2         669   1.59216547      0.745999992       1.34362315E-03
 Fase2         670   1.59216547      0.745999992       1.36710377E-03
 Fase2         671   1.59216547      0.745999992       1.37669325E-03
 Fase2         672   1.59216547      0.745999992       1.34007947E-03
 Fase2         673   1.59216547      0.745999992       1.35802361E-03
 Fase2         674   1.59216547      0.745999992       1.37610105E-03
 Fase2         675   1.59216547      0.745999992       1.32006197E-03
 Fase2         676   1.59216547      0.745999992       1.33346871E-03
 Fase2         677   1.59216547      0.745999992       1.34328054E-03
 Fase2         678   1.59216547      0.745999992       1.36680237E-03
 Fase2         679   1.59216547      0.745999992       1.35587226E-03
 Fase2         680   1.59216547      0.745999992       1.35196152E-03
 Fase2         681   1.59216547      0.745999992       1.37042347E-03
 Fase2         682   1.59216547      0.745999992       1.37548987E-03
 Fase2         683   1.59216547      0.745999992       1.37191452E-03
 Fase2         684   1.59216547      0.745999992       1.34260883E-03
 Fase2         685   1.59216547      0.745999992       1.35535549E-03
 Fase2         686   1.59216547      0.745999992       1.32885284E-03
 Fase2         687   1.59216547      0.745999992       1.36822497E-03
 Fase2         688   1.59216547      0.745999992       1.36710377E-03
 Fase2         689   1.59216547      0.745999992       1.32321718E-03
 Fase2         690   1.59216547      0.745999992       1.37610105E-03
 Fase2         691   1.59216547      0.745999992       1.35802361E-03
 Fase2         692   1.59216547      0.745999992       1.37663167E-03
 Fase2         693   1.59216547      0.745999992       1.37663167E-03
 Fase2         694   1.59216547      0.745999992       1.35434768E-03
 Fase2         695   1.59216547      0.745999992       1.34038203E-03
 Fase2         696   1.59216547      0.745999992       1.35484838E-03
 Fase2         697   1.59216547      0.745999992       1.37663167E-03
 Fase2         698   1.59216547      0.745999992       1.36822497E-03
 Fase2         699   1.59216547      0.745999992       1.32006197E-03
 Fase2         700   1.59216547      0.745999992       1.33346871E-03
 Fase2         701   1.59216547      0.745999992       1.37669325E-03
 Fase2         702   1.59216547      0.745999992       1.35242438E-03
 Fase2         703   1.59216547      0.745999992       1.37703947E-03
 Fase2         704   1.59216547      0.745999992       1.35639636E-03
 Fase2         705   1.59216547      0.745999992       1.36474485E-03
 Fase2         706   1.59216547      0.745999992       1.37726369E-03
 Fase2         707   1.59216547      0.745999992       1.37191452E-03
 Fase2         708   1.59216547      0.745999992       1.34328054E-03
 Fase2         709   1.59216547      0.745999992       1.37720525E-03
 Fase2         710   1.59216547      0.745999992       1.37669325E-03
 Fase2         711   1.59216547      0.745999992       1.37191452E-03
 Fase2         712   1.59216547      0.745999992       1.35802361E-03
 Fase2         713   1.59216547      0.745999992       1.32006197E-03
 Fase2         714   1.59216547      0.745999992       1.37482432E-03
 Fase2         715   1.59216547      0.745999992       1.36968412E-03
 Fase2         716   1.59216547      0.745999992       1.31612155E-03
 Fase2         717   1.59216547      0.745999992       1.37663167E-03
 Fase2         718   1.59216547      0.745999992       1.35289389E-03
 Fase2         719   1.59216547      0.745999992       1.32236851E-03
 Fase2         720   1.59216547      0.745999992       1.37548987E-03
 Fase2         721   1.59216547      0.745999992       1.32006197E-03
 Fase2         722   1.59216547      0.745999992       1.37720525E-03
 Fase2         723   1.59216547      0.745999992       1.30880182E-03
 Fase2         724   1.59216547      0.745999992       1.37482432E-03
 Fase2         725   1.59216547      0.745999992       1.36215519E-03
 Fase2         726   1.59216547      0.745999992       1.37482432E-03
 Fase2         727   1.59216547      0.745999992       1.37663167E-03
 Fase2         728   1.59216547      0.745999992       1.35385559E-03
 Fase2         729   1.59216547      0.745999992       1.34260883E-03
 Fase2         730   1.59216547      0.745999992       1.36895047E-03
 Fase2         731   1.59216547      0.745999992       1.36710377E-03
 Fase2         732   1.59216547      0.745999992       1.32006197E-03
 Fase2         733   1.59216547      0.745999992       1.36408140E-03
 Fase2         734   1.59216547      0.745999992       1.37191452E-03
 Fase2         735   1.59216547      0.745999992       1.37541792E-03
 Fase2         736   1.59216547      0.745999992       1.37541792E-03
 Fase2         737   1.59216547      0.745999992       1.35915459E-03
 Fase2         738   1.59216547      0.745999992       1.37726369E-03
 Fase2         739   1.59216547      0.745999992       1.36710377E-03
 Fase2         740   1.59216547      0.745999992       1.35484838E-03
 Fase2         741   1.59216547      0.745999992       1.33441610E-03
 Fase2         742   1.59216547      0.745999992       1.36032398E-03
 Fase2         743   1.59216547      0.745999992       1.37663167E-03
 Fase2         744   1.59216547      0.745999992       1.37720525E-03
 Fase2         745   1.59216547      0.745999992       1.31954765E-03
 Fase2         746   1.59216547      0.745999992       1.36895047E-03
 Fase2         747   1.59216547      0.745999992       1.37663167E-03
 Fase2         748   1.59216547      0.745999992       1.37191452E-03
 Fase2         749   1.59216547      0.745999992       1.37274095E-03
 Fase2         750   1.59216547      0.745999992       1.37663167E-03
 Fase2         751   1.59216547      0.745999992       1.32006197E-03
 Fase2         752   1.59216547      0.745999992       1.36710377E-03
 Fase2         753   1.59216547      0.745999992       1.36342866E-03
 Fase2         754   1.59216547      0.745999992       1.36474485E-03
 Fase2         755   1.59216547      0.745999992       1.34652236E-03
 Fase2         756   1.59216547      0.745999992       1.33722334E-03
 Fase2         757   1.59216547      0.745999992       1.36895047E-03
 Fase2         758   1.59216547      0.745999992       1.35587226E-03
 Fase2         759   1.59216547      0.745999992       1.34652236E-03
 Fase2         760   1.59216547      0.745999992       1.37703947E-03
 Fase2         761   1.59216547      0.745999992       1.37541792E-03
 Fase2         762   1.59216547      0.745999992       1.36680237E-03
 Fase2         763   1.59216547      0.745999992       1.32456596E-03
 Fase2         764   1.59216547      0.745999992       1.36153377E-03
 Fase2         765   1.59216547      0.745999992       1.34227914E-03
 Fase2         766   1.59216547      0.745999992       1.37482432E-03
 Fase2         767   1.59216547      0.745999992       1.37548987E-03
 Fase2         768   1.59216547      0.745999992       1.37669325E-03
 Fase2         769   1.59216547      0.745999992       1.36710377E-03
 Fase2         770   1.59216547      0.745999992       1.36710377E-03
 Fase2         771   1.59216547      0.745999992       1.36710377E-03
 Fase2         772   1.59216547      0.745999992       1.32006197E-03
 Fase2         773   1.59216547      0.745999992       1.36342866E-03
 Fase2         774   1.59216547      0.745999992       1.37720525E-03
 Fase2         775   1.59216547      0.745999992       1.37412210E-03
 Fase2         776   1.59216547      0.745999992       1.37274095E-03
 Fase2         777   1.59216547      0.745999992       1.37482432E-03
 Fase2         778   1.59216547      0.745999992       1.37042347E-03
 Fase2         779   1.59216547      0.745999992       1.33104611E-03
 Fase2         780   1.59216547      0.745999992       1.35802361E-03
 Fase2         781   1.59216547      0.745999992       1.36278651E-03
 Fase2         782   1.59216547      0.745999992       1.37703947E-03
 Fase2         783   1.59216547      0.745999992       1.37548987E-03
 Fase2         784   1.59216547      0.745999992       1.36822497E-03
 Fase2         785   1.59216547      0.745999992       1.37191452E-03
 Fase2         786   1.59216547      0.745999992       1.37610105E-03
 Fase2         787   1.59216547      0.745999992       1.37042347E-03
 Fase2         788   1.59216547      0.745999992       1.32006197E-03
 Fase2         789   1.59216547      0.745999992       1.36408140E-03
 Fase2         790   1.59216547      0.745999992       1.36610621E-03
 Fase2         791   1.59216547      0.745999992       1.36215519E-03
 Fase2         792   1.59216547      0.745999992       1.35242438E-03
 Fase2         793   1.59216547      0.745999992       1.36342866E-03
 Fase2         794   1.59216547      0.745999992       1.33465871E-03
 Fase2         795   1.59216547      0.745999992       1.34849618E-03
 Fase2         796   1.59216547      0.745999992       1.37482432E-03
 Fase2         797   1.59216547      0.745999992       1.35858450E-03
 Fase2         798   1.59216547      0.745999992       1.32006197E-03
 Fase2         799   1.59216547      0.745999992       1.32006197E-03
 Fase2         800   1.59216547      0.745999992       1.37191452E-03
 Fase2         801   1.59216547      0.745999992       1.36895047E-03
 Fase2         802   1.59216547      0.745999992       1.33777026E-03
 Fase2         803   1.59216547      0.745999992       1.36278651E-03
 Fase2         804   1.59216547      0.745999992       1.36215519E-03
 Fase2         805   1.59216547      0.745999992       1.32756366E-03
 Fase2         806   1.59216547      0.745999992       1.36895047E-03
 Fase2         807   1.59216547      0.745999992       1.36032398E-03
 Fase2         808   1.59216547      0.745999992       1.37042347E-03
 Fase2         809   1.59216547      0.745999992       1.37412210E-03
 Fase2         810   1.59216547      0.745999992       1.32551824E-03
 Fase2         811   1.59216547      0.745999992       1.32847659E-03
 Fase2         812   1.59216547      0.745999992       1.33918831E-03
 Fase2         813   1.59216547      0.745999992       1.34432036E-03
 Fase2         814   1.59216547      0.745999992       1.31138565E-03
 Fase2         815   1.59216547      0.745999992       1.37191452E-03
 Fase2         816   1.59216547      0.745999992       1.35915459E-03
 Fase2         817   1.59216547      0.745999992       1.36895047E-03
 Fase2         818   1.59216547      0.745999992       1.37663167E-03
 Fase2         819   1.59216547      0.745999992       1.37265911E-03
 Fase2         820   1.59216547      0.745999992       1.36278651E-03
 Fase2         821   1.59216547      0.745999992       1.35802361E-03
 Fase2         822   1.59216547      0.745999992       1.37339742E-03
 Fase2         823   1.59216547      0.745999992       1.35973387E-03
 Fase2         824   1.59216547      0.745999992       1.37548987E-03
 Fase2         825   1.59216547      0.745999992       1.37274095E-03
 Fase2         826   1.59216547      0.745999992       1.32006197E-03
 Fase2         827   1.59216547      0.745999992       1.36610621E-03
 Fase2         828   1.59216547      0.745999992       1.37663167E-03
 Fase2         829   1.59216547      0.745999992       1.35337189E-03
 Fase2         830   1.59216547      0.745999992       1.35017920E-03
 Fase2         831   1.59216547      0.745999992       1.37726369E-03
 Fase2         832   1.59216547      0.745999992       1.32006197E-03
 Fase2         833   1.59216547      0.745999992       1.37663167E-03
 Fase2         834   1.59216547      0.745999992       1.37541792E-03
 Fase2         835   1.59216547      0.745999992       1.36610621E-03
 Fase2         836   1.59216547      0.745999992       1.37703947E-03
 Fase2         837   1.59216547      0.745999992       1.32617704E-03
 Fase2         838   1.59216547      0.745999992       1.37265911E-03
 Fase2         839   1.59216547      0.745999992       1.37669325E-03
 Fase2         840   1.59216547      0.745999992       1.36710377E-03
 Fase2         841   1.59216547      0.745999992       1.36822497E-03
 Fase2         842   1.59216547      0.745999992       1.37191452E-03
 Fase2         843   1.59216547      0.745999992       1.33417547E-03
 Fase2         844   1.59216547      0.745999992       1.35858450E-03
 Fase2         845   1.59216547      0.745999992       1.37274095E-03
 Fase2         846   1.59216547      0.745999992       1.37726369E-03
 Fase2         847   1.59216547      0.745999992       1.37116865E-03
 Fase2         848   1.59216547      0.745999992       1.35242438E-03
 Fase2         849   1.59216547      0.745999992       1.36278651E-03
 Fase2         850   1.59216547      0.745999992       1.33540027E-03
 Fase2         851   1.59216547      0.745999992       1.37720525E-03
 Fase2         852   1.59216547      0.745999992       1.34652236E-03
 Fase2         853   1.59216547      0.745999992       1.37541792E-03
 Fase2         854   1.59216547      0.745999992       1.36710377E-03
 Fase2         855   1.59216547      0.745999992       1.37274095E-03
 Fase2         856   1.59216547      0.745999992       1.36032398E-03
 Fase2         857   1.59216547      0.745999992       1.37669325E-03
 Fase2         858   1.59216547      0.745999992       1.37541792E-03
 Fase2         859   1.59216547      0.745999992       1.36750832E-03
 Fase2         860   1.59216547      0.745999992       1.37191452E-03
 Fase2         861   1.59216547      0.745999992       1.37274095E-03
 Fase2         862   1.59216547      0.745999992       1.37726369E-03
 Fase2         863   1.59216547      0.745999992       1.33642578E-03
 Fase2         864   1.59216547      0.745999992       1.37541792E-03
 Fase2         865   1.59216547      0.745999992       1.36092375E-03
 Fase2         866   1.59216547      0.745999992       1.37482432E-03
 Fase2         867   1.59216547      0.745999992       1.36710377E-03
 Fase2         868   1.59216547      0.745999992       1.36610621E-03
 Fase2         869   1.59216547      0.745999992       1.36092375E-03
 Fase2         870   1.59216547      0.745999992       1.37191452E-03
 Fase2         871   1.59216547      0.745999992       1.37265911E-03
 Fase2         872   1.59216547      0.745999992       1.34362315E-03
 Fase2         873   1.59216547      0.745999992       1.33918831E-03
 Fase2         874   1.59216547      0.745999992       1.33668934E-03
 Fase2         875   1.59216547      0.745999992       1.37726369E-03
 Fase2         876   1.59216547      0.745999992       1.37042347E-03
 Fase2         877   1.59216547      0.745999992       1.35150575E-03
 Fase2         878   1.59216547      0.745999992       1.34932494E-03
 Fase2         879   1.59216547      0.745999992       1.36968412E-03
 Fase2         880   1.59216547      0.745999992       1.37663167E-03
 Fase2         881   1.59216547      0.745999992       1.34260883E-03
 Fase2         882   1.59216547      0.745999992       1.36610621E-03
 Fase2         883   1.59216547      0.745999992       1.32006197E-03
 Fase2         884   1.59216547      0.745999992       1.37274095E-03
 Fase2         885   1.59216547      0.745999992       1.36968412E-03
 Fase2         886   1.59216547      0.745999992       1.37274095E-03
 Fase2         887   1.59216547      0.745999992       1.36895047E-03
 Fase2         888   1.59216547      0.745999992       1.32006197E-03
 Fase2         889   1.59216547      0.745999992       1.36750832E-03
 Fase2         890   1.59216547      0.745999992       1.34432036E-03
 Fase2         891   1.59216547      0.745999992       1.36680237E-03
 Fase2         892   1.59216547      0.745999992       1.37116865E-03
 Fase2         893   1.59216547      0.745999992       1.33695570E-03
 Fase2         894   1.59216547      0.745999992       1.31806871E-03
 Fase2         895   1.59216547      0.745999992       1.33393786E-03
 Fase2         896   1.59216547      0.745999992       1.33722334E-03
 Fase2         897   1.59216547      0.745999992       1.37669325E-03
 Fase2         898   1.59216547      0.745999992       1.35858450E-03
 Fase2         899   1.59216547      0.745999992       1.35150575E-03
 Fase2         900   1.59216547      0.745999992       1.37610105E-03
 Fase2         901   1.59216547      0.745999992       1.37610105E-03
 Fase2         902   1.59216547      0.745999992       1.37610105E-03
 Fase2         903   1.59216547      0.745999992       1.37265911E-03
 Fase2         904   1.59216547      0.745999992       1.37274095E-03
 Fase2         905   1.59216547      0.745999992       1.37669325E-03
 Fase2         906   1.59216547      0.745999992       1.34467508E-03
 Fase2         907   1.59216547      0.745999992       1.36680237E-03
 Fase2         908   1.59216547      0.745999992       1.33125519E-03
 Fase2         909   1.59216547      0.745999992       1.37703947E-03
 Fase2         910   1.59216547      0.745999992       1.36474485E-03
 Fase2         911   1.59216547      0.745999992       1.34195422E-03
 Fase2         912   1.59216547      0.745999992       1.37720525E-03
 Fase2         913   1.59216547      0.745999992       1.37703947E-03
 Fase2         914   1.59216547      0.745999992       1.33465871E-03
 Fase2         915   1.59216547      0.745999992       1.37720525E-03
 Fase2         916   1.59216547      0.745999992       1.36153377E-03
 Fase2         917   1.59216547      0.745999992       1.37720525E-03
 Fase2         918   1.59216547      0.745999992       1.37042347E-03
 Fase2         919   1.59216547      0.745999992       1.32006197E-03
 Fase2         920   1.59216547      0.745999992       1.33889948E-03
 Fase2         921   1.59216547      0.745999992       1.37042347E-03
 Fase2         922   1.59216547      0.745999992       1.36342866E-03
 Fase2         923   1.59216547      0.745999992       1.35535549E-03
 Fase2         924   1.59216547      0.745999992       1.37191452E-03
 Fase2         925   1.59216547      0.745999992       1.36610621E-03
 Fase2         926   1.59216547      0.745999992       1.37548987E-03
 Fase2         927   1.59216547      0.745999992       1.37541792E-03
 Fase2         928   1.59216547      0.745999992       1.37274095E-03
 Fase2         929   1.59216547      0.745999992       1.37339742E-03
 Fase2         930   1.59216547      0.745999992       1.36710377E-03
 Fase2         931   1.59216547      0.745999992       1.35693082E-03
 Fase2         932   1.59216547      0.745999992       1.35802361E-03
 Fase2         933   1.59216547      0.745999992       1.33346871E-03
 Fase2         934   1.59216547      0.745999992       1.37274095E-03
 Fase2         935   1.59216547      0.745999992       1.37541792E-03
 Fase2         936   1.59216547      0.745999992       1.34467508E-03
 Fase2         937   1.59216547      0.745999992       1.32456596E-03
 Fase2         938   1.59216547      0.745999992       1.36092375E-03
 Fase2         939   1.59216547      0.745999992       1.34007947E-03
 Fase2         940   1.59216547      0.745999992       1.31862273E-03
 Fase2         941   1.59216547      0.745999992       1.36895047E-03
 Fase2         942   1.59216547      0.745999992       1.34614308E-03
 Fase2         943   1.59216547      0.745999992       1.33977900E-03
 Fase2         944   1.59216547      0.745999992       1.34260883E-03
 Fase2         945   1.59216547      0.745999992       1.32006197E-03
 Fase2         946   1.59216547      0.745999992       1.36610621E-03
 Fase2         947   1.59216547      0.745999992       1.36153377E-03
 The cross section area is:    1.20792937      m2
 The depth is:   0.745999992     m
  
 The erosion reached the non erodible layer.
