 Fase1           1   2.35991403E-02   4.28359881E-02   2.35991403E-02   1.01089245E-03
 Fase1           2   1.43994326E-02   2.41230838E-02   2.35991403E-02   1.35825120E-03
 Fase1           5   2.63121724E-02   6.65128380E-02   2.63121724E-02   3.10834846E-03
 Fase1          12   1.80792175E-02  0.142897353       2.63121724E-02   5.69182076E-03
 Fase1          14   1.47898886E-02   4.81190197E-02   2.63121724E-02   6.40349556E-03
 Fase2          15              NaN  0.300000012       0.00000000    
 Fase2          16              NaN  0.300000012       3.49863039E-05
 Fase2          17              NaN  0.300000012       3.48178619E-05
 Fase2          18              NaN  0.300000012       3.48135363E-05
 Fase2          19              NaN  0.300000012       3.38978862E-05
 Fase2          20              NaN  0.300000012       3.39671933E-05
 Fase2          21              NaN  0.300000012       3.45072767E-05
 Fase2          22              NaN  0.300000012       3.31797528E-05
 Fase2          24              NaN  0.300000012       0.00000000    
 Fase2          25              NaN  0.300000012       3.48848953E-05
 Fase2          27              NaN  0.300000012       0.00000000    
 Fase2          29              NaN  0.300000012       0.00000000    
 Fase2          31              NaN  0.300000012       0.00000000    
 Fase2          33              NaN  0.300000012       0.00000000    
 Fase2          35              NaN  0.300000012       0.00000000    
 Fase2          37              NaN  0.300000012       0.00000000    
 Fase2          38              NaN  0.300000012       3.36316552E-05
 Fase2          39              NaN  0.300000012       3.50305418E-05
 Fase2          40              NaN  0.300000012       3.48106187E-05
 Fase2          41              NaN  0.300000012       3.45809240E-05
 Fase2          42              NaN  0.300000012       3.50201663E-05
 Fase2          43              NaN  0.300000012       3.50014780E-05
 Fase2          44              NaN  0.300000012       3.49633301E-05
 Fase2          45              NaN  0.300000012       3.49990005E-05
 Fase2          46              NaN  0.300000012       3.47163950E-05
 Fase2          47              NaN  0.300000012       3.49382026E-05
 Fase2          48              NaN  0.300000012       3.49763104E-05
 Fase2          49              NaN  0.300000012       3.31513875E-05
 Fase2          50              NaN  0.300000012       3.48687390E-05
 Fase2          52              NaN  0.300000012       0.00000000    
 Fase2          54              NaN  0.300000012       0.00000000    
 Fase2          55              NaN  0.300000012       3.41361629E-05
 Fase2          57              NaN  0.300000012       0.00000000    
 Fase2          58              NaN  0.300000012       3.47323439E-05
 Fase2          59              NaN  0.300000012       3.48499925E-05
 Fase2          60              NaN  0.300000012       3.47585556E-05
 Fase2          61              NaN  0.300000012       3.38352074E-05
 Fase2          62              NaN  0.300000012       3.48895519E-05
 Fase2          63              NaN  0.300000012       3.29586801E-05
 Fase2          64              NaN  0.300000012       3.47919486E-05
 Fase2          65              NaN  0.300000012       3.49103611E-05
 Fase2          66              NaN  0.300000012       3.49067850E-05
 Fase2          67              NaN  0.300000012       3.49338407E-05
 Fase2          68              NaN  0.300000012       3.40251027E-05
 Fase2          69              NaN  0.300000012       3.42989260E-05
 Fase2          70              NaN  0.300000012       3.47801324E-05
 Fase2          71              NaN  0.300000012       3.29794420E-05
 Fase2          72              NaN  0.300000012       3.49035690E-05
 Fase2          73              NaN  0.300000012       3.37745550E-05
 Fase2          74              NaN  0.300000012       3.49595430E-05
 Fase2          75              NaN  0.300000012       3.45117260E-05
 Fase2          76              NaN  0.300000012       3.50245355E-05
 Fase2          77              NaN  0.300000012       3.45636909E-05
 Fase2          78              NaN  0.300000012       3.50100818E-05
 Fase2          79              NaN  0.300000012       3.44298132E-05
 Fase2          81              NaN  0.300000012       2.50042876E-06
 Fase2          83              NaN  0.300000012       3.84285886E-06
 Fase2          85              NaN  0.300000012       0.00000000    
 Fase2          86              NaN  0.300000012       3.46751294E-05
 Fase2          87              NaN  0.300000012       3.50035152E-05
 Fase2          88              NaN  0.300000012       3.50266855E-05
 Fase2          89              NaN  0.300000012       3.30703806E-05
 Fase2          90              NaN  0.300000012       3.35648583E-05
 Fase2          91              NaN  0.300000012       3.35825243E-05
 Fase2          92              NaN  0.300000012       3.49490001E-05
 Fase2          93              NaN  0.300000012       3.37373713E-05
 Fase2          94              NaN  0.300000012       3.50144874E-05
 Fase2          95              NaN  0.300000012       3.40217302E-05
 Fase2          96              NaN  0.300000012       3.37952479E-05
 Fase2          97              NaN  0.300000012       3.30935582E-05
 Fase2          99              NaN  0.300000012       0.00000000    
 Fase2         100              NaN  0.300000012       3.49815709E-05
 Fase2         102              NaN  0.300000012       0.00000000    
 Fase2         103              NaN  0.300000012       3.34743563E-05
 Fase2         104              NaN  0.300000012       3.47355744E-05
 Fase2         105              NaN  0.300000012       3.48127905E-05
 Fase2         106              NaN  0.300000012       3.48900212E-05
 Fase2         108              NaN  0.300000012       0.00000000    
 Fase2         110              NaN  0.300000012       0.00000000    
 Fase2         111              NaN  0.300000012       3.29915674E-05
 Fase2         113              NaN  0.300000012       7.20541379E-07
 Fase2         114              NaN  0.300000012       3.31894844E-05
 Fase2         115              NaN  0.300000012       3.49086295E-05
 Fase2         116              NaN  0.300000012       3.50165319E-05
 Fase2         117              NaN  0.300000012       3.45733570E-05
 Fase2         118              NaN  0.300000012       3.31502633E-05
 Fase2         119              NaN  0.300000012       3.32192030E-05
 Fase2         120              NaN  0.300000012       3.50263217E-05
 Fase2         121              NaN  0.300000012       3.48835492E-05
 Fase2         122              NaN  0.300000012       3.49969596E-05
 Fase2         123              NaN  0.300000012       3.50091977E-05
 Fase2         124              NaN  0.300000012       3.46721936E-05
 Fase2         125              NaN  0.300000012       3.50288865E-05
 Fase2         126              NaN  0.300000012       3.30097209E-05
 Fase2         127              NaN  0.300000012       3.46649722E-05
 Fase2         128              NaN  0.300000012       3.50309965E-05
 Fase2         129              NaN  0.300000012       3.50310183E-05
 Fase2         130              NaN  0.300000012       3.43205102E-05
 Fase2         131              NaN  0.300000012       3.49089460E-05
 Fase2         132              NaN  0.300000012       3.45488588E-05
 Fase2         133              NaN  0.300000012       3.24659559E-05
 Fase2         134              NaN  0.300000012       3.49596703E-05
 Fase2         135              NaN  0.300000012       3.47997666E-05
 Fase2         136              NaN  0.300000012       3.39070430E-05
 Fase2         137              NaN  0.300000012       3.49317997E-05
 Fase2         139              NaN  0.300000012       0.00000000    
 Fase2         141              NaN  0.300000012       0.00000000    
 Fase2         142              NaN  0.300000012       3.39939179E-05
 Fase2         143              NaN  0.300000012       3.50309674E-05
 Fase2         144              NaN  0.300000012       3.30605653E-05
 Fase2         145              NaN  0.300000012       3.48315116E-05
 Fase2         146              NaN  0.300000012       3.38403552E-05
 Fase2         147              NaN  0.300000012       3.49157381E-05
 Fase2         148              NaN  0.300000012       3.49347574E-05
 Fase2         149              NaN  0.300000012       3.50080845E-05
 Fase2         150              NaN  0.300000012       3.49052934E-05
 Fase2         151              NaN  0.300000012       3.45733570E-05
 Fase2         152              NaN  0.300000012       3.48736976E-05
 Fase2         153              NaN  0.300000012       3.50140290E-05
 Fase2         154              NaN  0.300000012       3.50246301E-05
 Fase2         155              NaN  0.300000012       3.34755241E-05
 Fase2         156              NaN  0.300000012       3.46808920E-05
 Fase2         157              NaN  0.300000012       3.48638350E-05
 Fase2         158              NaN  0.300000012       3.48007125E-05
 Fase2         159              NaN  0.300000012       3.48347639E-05
 Fase2         160              NaN  0.300000012       3.46348170E-05
 Fase2         161              NaN  0.300000012       3.48751491E-05
 Fase2         162              NaN  0.300000012       3.50183254E-05
 Fase2         163              NaN  0.300000012       3.44410510E-05
 Fase2         164              NaN  0.300000012       3.49089460E-05
 Fase2         165              NaN  0.300000012       3.48735048E-05
 Fase2         166              NaN  0.300000012       3.47881651E-05
 Fase2         167              NaN  0.300000012       3.48901704E-05
 Fase2         168              NaN  0.300000012       3.49496113E-05
 Fase2         170              NaN  0.300000012       0.00000000    
 Fase2         171              NaN  0.300000012       3.47977257E-05
 Fase2         172              NaN  0.300000012       3.49975890E-05
 Fase2         173              NaN  0.300000012       3.38929349E-05
 Fase2         174              NaN  0.300000012       3.39727085E-05
 Fase2         175              NaN  0.300000012       3.50223236E-05
 Fase2         176              NaN  0.300000012       3.32432173E-05
 Fase2         177              NaN  0.300000012       3.50309710E-05
 The cross section area is:               NaN  m2
 The depth is:   0.300000012     m
  
 The erosion reached the non erodible layer.
