 Fase1           1   2.35991403E-02   4.28359881E-02   2.35991403E-02   1.01089245E-03
 Fase1           2   1.43994326E-02   2.41230838E-02   2.35991403E-02   1.35825120E-03
 Fase1           5   2.63121724E-02   6.65128380E-02   2.63121724E-02   3.10834846E-03
 Fase1          12   1.80792175E-02  0.142897353       2.63121724E-02   5.69182076E-03
 Fase2          12   2.63121724E-02  0.200000003       4.40764852E-05
 Fase2          14   2.63121724E-02  0.200000003       3.31066658E-05
 Fase2          16   2.63121724E-02  0.200000003       1.10600913E-05
 Fase2          17  0.209272876      0.200000003       4.62246135E-05
 Fase2          18  0.209272876      0.200000003       4.62193238E-05
 Fase2          19  0.209272876      0.200000003       4.51000342E-05
 Fase2          20  0.209272876      0.200000003       4.51847554E-05
 Fase2          21  0.209272876      0.200000003       4.58449540E-05
 Fase2          22  0.209272876      0.200000003       4.42221826E-05
 Fase2          24  0.209272876      0.200000003       3.59946762E-06
 Fase2          25  0.361091256      0.200000003       4.63065589E-05
 Fase2          27  0.361091256      0.200000003       0.00000000    
 Fase2          29  0.361091256      0.200000003       0.00000000    
 Fase2          31  0.361091256      0.200000003       0.00000000    
 Fase2          33  0.361091256      0.200000003       0.00000000    
 Fase2          35  0.361091256      0.200000003       0.00000000    
 Fase2          37  0.361091256      0.200000003       0.00000000    
 Fase2          38  0.361091256      0.200000003       4.47745879E-05
 Fase2          39  0.361091256      0.200000003       4.64845943E-05
 Fase2          40  0.400062591      0.200000003       4.62157586E-05
 Fase2          41  0.400062591      0.200000003       4.59349758E-05
 Fase2          42  0.400062591      0.200000003       4.64719051E-05
 Fase2          43  0.400062591      0.200000003       4.64490658E-05
 Fase2          44  0.400062591      0.200000003       4.64024342E-05
 Fase2          45  0.400062591      0.200000003       4.64460281E-05
 Fase2          46  0.446078748      0.200000003       4.61005729E-05
 Fase2          47  0.446078748      0.200000003       4.63717188E-05
 Fase2          48  0.446078748      0.200000003       4.64182995E-05
 Fase2          49  0.446078748      0.200000003       4.41875018E-05
 Fase2          50  0.446078748      0.200000003       4.62868084E-05
 Fase2          52  0.446078748      0.200000003       0.00000000    
 Fase2          54  0.446078748      0.200000003       0.00000000    
 Fase2          55  0.724345028      0.200000003       4.53912944E-05
 Fase2          57  0.724345028      0.200000003       0.00000000    
 Fase2          58  0.724345028      0.200000003       4.61200725E-05
 Fase2          59  0.724345028      0.200000003       4.62638891E-05
 Fase2          60  0.724345028      0.200000003       4.61521158E-05
 Fase2          61  0.724345028      0.200000003       4.50234111E-05
 Fase2          62  0.724345028      0.200000003       4.63122415E-05
 Fase2          63  0.724345028      0.200000003       4.39519426E-05
 Fase2          64  0.724345028      0.200000003       4.61929303E-05
 Fase2          65  0.724345028      0.200000003       4.63376819E-05
 Fase2          66  0.724345028      0.200000003       4.63333090E-05
 Fase2          67  0.724345028      0.200000003       4.63663855E-05
 Fase2          68  0.782526195      0.200000003       4.52555432E-05
 Fase2          69  0.782526195      0.200000003       4.55902627E-05
 Fase2          70  0.782526195      0.200000003       4.61784875E-05
 Fase2          71  0.782526195      0.200000003       4.39773212E-05
 Fase2          72  0.782526195      0.200000003       4.63293873E-05
 Fase2          73  0.782526195      0.200000003       4.49492654E-05
 Fase2          74  0.782526195      0.200000003       4.63978104E-05
 Fase2          75  0.782526195      0.200000003       4.58503819E-05
 Fase2          76  0.782526195      0.200000003       4.64772493E-05
 Fase2          77  0.782526195      0.200000003       4.59139083E-05
 Fase2          78  0.782526195      0.200000003       4.64595760E-05
 Fase2          79  0.782526195      0.200000003       4.57502574E-05
 Fase2          81  0.782526195      0.200000003       6.71965699E-06
 Fase2          83  0.782526195      0.200000003       8.36064737E-06
 Fase2          85  0.782526195      0.200000003       0.00000000    
 Fase2          86  0.782526195      0.200000003       4.60501360E-05
 Fase2          87  0.782526195      0.200000003       4.64515615E-05
 Fase2          88  0.782526195      0.200000003       4.64798723E-05
 Fase2          89  0.782526195      0.200000003       4.40884833E-05
 Fase2          90  0.782526195      0.200000003       4.46929371E-05
 Fase2          91  0.841740370      0.200000003       4.47145285E-05
 Fase2          92  0.841740370      0.200000003       4.63849210E-05
 Fase2          93  0.937438786      0.200000003       4.49038162E-05
 Fase2          94  0.937438786      0.200000003       4.64649675E-05
 Fase2          95  0.937438786      0.200000003       4.52514178E-05
 Fase2          96  0.937438786      0.200000003       4.49745639E-05
 Fase2          97  0.937438786      0.200000003       4.41168158E-05
 Fase2          99  0.937438786      0.200000003       0.00000000    
 Fase2         100  0.937438786      0.200000003       4.64247278E-05
 Fase2         102  0.937438786      0.200000003       0.00000000    
 Fase2         103  0.937438786      0.200000003       4.45822989E-05
 Fase2         104  0.937438786      0.200000003       4.61240270E-05
 Fase2         105  0.937438786      0.200000003       4.62184180E-05
 Fase2         106  0.937438786      0.200000003       4.63128235E-05
 Fase2         108  0.937438786      0.200000003       0.00000000    
 Fase2         110  0.937438786      0.200000003       0.00000000    
 Fase2         111  0.937438786      0.200000003       4.39921350E-05
 Fase2         113  0.937438786      0.200000003       4.54391511E-06
 Fase2         114  0.937438786      0.200000003       4.42340788E-05
 Fase2         115  0.937438786      0.200000003       4.63355645E-05
 Fase2         116  0.937438786      0.200000003       4.64674631E-05
 Fase2         117  0.937438786      0.200000003       4.59257244E-05
 Fase2         118  0.937438786      0.200000003       4.41861303E-05
 Fase2         119  0.937438786      0.200000003       4.42704004E-05
 Fase2         120  0.937438786      0.200000003       4.64794321E-05
 Fase2         121  0.937438786      0.200000003       4.63049073E-05
 Fase2         122  0.937438786      0.200000003       4.64435434E-05
 Fase2         123  0.937438786      0.200000003       4.64584991E-05
 Fase2         124  0.937438786      0.200000003       4.60465526E-05
 Fase2         125  0.937438786      0.200000003       4.64825644E-05
 Fase2         126  0.937438786      0.200000003       4.40143303E-05
 Fase2         127  0.937438786      0.200000003       4.60377196E-05
 Fase2         128  0.937438786      0.200000003       4.64851473E-05
 Fase2         129  0.937438786      0.200000003       4.64851764E-05
 Fase2         130  0.937438786      0.200000003       4.56166417E-05
 Fase2         131  0.937438786      0.200000003       4.63359538E-05
 Fase2         132  0.937438786      0.200000003       4.58957838E-05
 Fase2         133  0.937438786      0.200000003       4.33496280E-05
 Fase2         134  0.937438786      0.200000003       4.63979486E-05
 Fase2         135  0.937438786      0.200000003       4.62024873E-05
 Fase2         136  0.937438786      0.200000003       4.51112173E-05
 Fase2         137  0.937438786      0.200000003       4.63638862E-05
 Fase2         139  0.937438786      0.200000003       0.00000000    
 Fase2         141  0.937438786      0.200000003       0.00000000    
 Fase2         142  0.937438786      0.200000003       4.52174172E-05
 Fase2         143  0.937438786      0.200000003       4.64851073E-05
 Fase2         144  0.937438786      0.200000003       4.40764852E-05
 Fase2         145  0.937438786      0.200000003       4.62412972E-05
 Fase2         146  0.937438786      0.200000003       4.50297011E-05
 Fase2         147  0.937438786      0.200000003       4.63442557E-05
 Fase2         148  0.937438786      0.200000003       4.63674987E-05
 Fase2         149  0.937438786      0.200000003       4.64571385E-05
 Fase2         150  0.937438786      0.200000003       4.63314900E-05
 Fase2         151  0.937438786      0.200000003       4.59257244E-05
 Fase2         152  0.937438786      0.200000003       4.62928656E-05
 Fase2         153  0.937438786      0.200000003       4.64644072E-05
 Fase2         154  0.937438786      0.200000003       4.64773657E-05
 Fase2         155  0.937438786      0.200000003       4.45837322E-05
 Fase2         156  0.937438786      0.200000003       4.60571791E-05
 Fase2         157  0.937438786      0.200000003       4.62808166E-05
 Fase2         158  0.937438786      0.200000003       4.62036478E-05
 Fase2         159  0.937438786      0.200000003       4.62452736E-05
 Fase2         160  0.937438786      0.200000003       4.60008523E-05
 Fase2         161  0.937438786      0.200000003       4.62946373E-05
 Fase2         162  0.937438786      0.200000003       4.64696604E-05
 Fase2         163  0.937438786      0.200000003       4.57639908E-05
 Fase2         164  0.937438786      0.200000003       4.63359538E-05
 Fase2         165  0.937438786      0.200000003       4.62926291E-05
 Fase2         166  0.937438786      0.200000003       4.61883101E-05
 Fase2         167  0.937438786      0.200000003       4.63129982E-05
 Fase2         168  0.937438786      0.200000003       4.63856632E-05
 Fase2         170  0.937438786      0.200000003       0.00000000    
 Fase2         171  0.937438786      0.200000003       4.61999953E-05
 Fase2         172  0.937438786      0.200000003       4.64443037E-05
 Fase2         173  0.937438786      0.200000003       4.50939842E-05
 Fase2         174  0.937438786      0.200000003       4.51914893E-05
 Fase2         175  0.937438786      0.200000003       4.64745499E-05
 Fase2         176  0.937438786      0.200000003       4.42997625E-05
 Fase2         177  0.937438786      0.200000003       4.64851219E-05
 The cross section area is:   0.257499218      m2
 The depth is:   0.200000003     m
  
 The erosion reached the non erodible layer.
