 Fase1           1   2.35991403E-02   4.28359881E-02   2.35991403E-02   1.01089245E-03
 Fase1           2   1.43994326E-02   2.41230838E-02   2.35991403E-02   1.35825120E-03
 Fase1           5   2.63121724E-02   6.65128380E-02   2.63121724E-02   3.10834846E-03
 Fase1          12   1.80792175E-02  0.142897353       2.63121724E-02   5.69182076E-03
 Fase1          14   1.47898886E-02   4.81190197E-02   2.63121724E-02   6.40349556E-03
 Fase1          17  0.132318124      0.574897766      0.132318124       8.24728906E-02
 Fase1          18   6.23101592E-02  0.634075165      0.132318124      0.121982217    
 Fase1          19   3.51960845E-02  0.806494832      0.132318124      0.150367677    
 Fase1          20   3.65300402E-02  0.584171236      0.132318124      0.171707481    
 Fase1          21   4.96655814E-02   2.85013056      0.132318124      0.313260883    
 Fase1          22   2.23894045E-02  0.899842501      0.132318124      0.333407819    
 Fase1          25  0.124062009       5.08399582      0.132318124      0.964138567    
 Fase2          25  0.361091286       10.0000000       2.93031131E-04
 Fase2          27  0.361091286       10.0000000       3.01762666E-05
 Fase2          29  0.361091286       10.0000000       0.00000000    
 Fase2          31  0.361091286       10.0000000       1.44253863E-05
 Fase2          33  0.361091286       10.0000000       0.00000000    
 Fase2          35  0.361091286       10.0000000       2.91870583E-05
 Fase2          37  0.361091286       10.0000000       1.23836053E-05
 Fase2          38  0.361091286       10.0000000       2.85478280E-04
 Fase2          39  0.361091286       10.0000000       2.93908874E-04
 Fase2          40  0.400062591       10.0000000       2.92583485E-04
 Fase2          41  0.400062591       10.0000000       2.91199220E-04
 Fase2          42  0.400062591       10.0000000       2.93846329E-04
 Fase2          43  0.400062591       10.0000000       2.93733756E-04
 Fase2          44  0.400062591       10.0000000       2.93503836E-04
 Fase2          45  0.400062591       10.0000000       2.93718767E-04
 Fase2          46  0.446078748       10.0000000       2.92015640E-04
 Fase2          47  0.446078748       10.0000000       2.93352437E-04
 Fase2          48  0.446078748       10.0000000       2.93582038E-04
 Fase2          49  0.446078748       10.0000000       2.82583875E-04
 Fase2          50  0.446078748       10.0000000       2.92933808E-04
 Fase2          52  0.446078748       10.0000000       3.66950553E-06
 Fase2          54  0.446078748       10.0000000       3.66950553E-06
 Fase2          55  0.724408507       10.0000000       2.88518757E-04
 Fase2          57  0.724408507       10.0000000       0.00000000    
 Fase2          58  0.724408507       10.0000000       2.92111770E-04
 Fase2          59  0.724408507       10.0000000       2.92820798E-04
 Fase2          60  0.724408507       10.0000000       2.92269688E-04
 Fase2          61  0.724408507       10.0000000       2.86705006E-04
 Fase2          62  0.724408507       10.0000000       2.93059216E-04
 Fase2          63  0.724408507       10.0000000       2.81422515E-04
 Fase2          64  0.724408507       10.0000000       2.92470970E-04
 Fase2          65  0.724408507       10.0000000       2.93184625E-04
 Fase2          66  0.724408507       10.0000000       2.93163030E-04
 Fase2          67  0.724408507       10.0000000       2.93326098E-04
 Fase2          68  0.782526255       10.0000000       2.87849456E-04
 Fase2          69  0.782526255       10.0000000       2.89499701E-04
 Fase2          70  0.782526255       10.0000000       2.92399724E-04
 Fase2          71  0.782526255       10.0000000       2.81547604E-04
 Fase2          72  0.782526255       10.0000000       2.93143676E-04
 Fase2          73  0.782526255       10.0000000       2.86339462E-04
 Fase2          74  0.782526255       10.0000000       2.93481018E-04
 Fase2          75  0.782526255       10.0000000       2.90782133E-04
 Fase2          76  0.782526255       10.0000000       2.93872698E-04
 Fase2          77  0.782526255       10.0000000       2.91095348E-04
 Fase2          78  0.782526255       10.0000000       2.93785561E-04
 Fase2          79  0.782526255       10.0000000       2.90288503E-04
 Fase2          81  0.782526255       10.0000000       9.78611715E-05
 Fase2          83  0.782526255       10.0000000       1.05951527E-04
 Fase2          85  0.782526255       10.0000000       3.17427111E-05
 Fase2          86  0.782526255       10.0000000       2.91766919E-04
 Fase2          87  0.782526255       10.0000000       2.93746038E-04
 Fase2          88  0.782526255       10.0000000       2.93885620E-04
 Fase2          89  0.782526255       10.0000000       2.82095658E-04
 Fase2          90  0.782526255       10.0000000       2.85075745E-04
 Fase2          91  0.994027019       10.0000000       2.85182177E-04
 Fase2          92  0.994027019       10.0000000       2.93417514E-04
 Fase2          93  0.994027019       10.0000000       2.86115421E-04
 Fase2          94  0.994027019       10.0000000       2.93812132E-04
 Fase2          95  0.994027019       10.0000000       2.87829142E-04
 Fase2          96  0.994027019       10.0000000       2.86464201E-04
 Fase2          97  0.994027019       10.0000000       2.82235385E-04
 Fase2          99  0.994027019       10.0000000       5.33236416E-05
 Fase2         100  0.994027019       10.0000000       2.93613732E-04
 Fase2         102  0.994027019       10.0000000       4.31279914E-05
 Fase2         103  0.994027019       10.0000000       2.84530281E-04
 Fase2         104  0.994027019       10.0000000       2.92131212E-04
 Fase2         105  0.994027019       10.0000000       2.92596582E-04
 Fase2         106  0.994027019       10.0000000       2.93062010E-04
 Fase2         108  0.994027019       10.0000000       0.00000000    
 Fase2         110  0.994027019       10.0000000       3.40855586E-05
 Fase2         111  0.994027019       10.0000000       2.81620683E-04
 Fase2         113  0.994027019       10.0000000       8.71343946E-05
 Fase2         114  0.994027019       10.0000000       2.82813446E-04
 Fase2         115  0.994027019       10.0000000       2.93174118E-04
 Fase2         116  0.994027019       10.0000000       2.93824443E-04
 Fase2         117  0.994027019       10.0000000       2.91153585E-04
 Fase2         118  0.994027019       10.0000000       2.82577123E-04
 Fase2         119  0.994027019       10.0000000       2.82992580E-04
 Fase2         120  0.994027019       10.0000000       2.93883437E-04
 Fase2         121  0.994027019       10.0000000       2.93023011E-04
 Fase2         122  0.994027019       10.0000000       2.93706486E-04
 Fase2         123  0.994027019       10.0000000       2.93780235E-04
 Fase2         124  0.994027019       10.0000000       2.91749282E-04
 Fase2         125  0.994027019       10.0000000       2.93898862E-04
 Fase2         126  0.994027019       10.0000000       2.81730114E-04
 Fase2         127  0.994027019       10.0000000       2.91705743E-04
 Fase2         128  0.994027019       10.0000000       2.93911609E-04
 Fase2         129  0.994027019       10.0000000       2.93911755E-04
 Fase2         130  0.994027019       10.0000000       2.89629737E-04
 Fase2         131  0.994027019       10.0000000       2.93176068E-04
 Fase2         132  0.994027019       10.0000000       2.91005941E-04
 Fase2         133  0.994027019       10.0000000       2.78453022E-04
 Fase2         134  0.994027019       10.0000000       2.93481746E-04
 Fase2         135  0.994027019       10.0000000       2.92518060E-04
 Fase2         136  0.994027019       10.0000000       2.87137926E-04
 Fase2         137  0.994027019       10.0000000       2.93313788E-04
 Fase2         139  0.994027019       10.0000000       3.73773983E-05
 Fase2         141  0.994027019       10.0000000       3.55713892E-05
 Fase2         142  0.994027019       10.0000000       2.87661504E-04
 Fase2         143  0.994027019       10.0000000       2.93911435E-04
 Fase2         144  0.994027019       10.0000000       2.82036519E-04
 Fase2         145  0.994027019       10.0000000       2.92709388E-04
 Fase2         146  0.994027019       10.0000000       2.86736031E-04
 Fase2         147  0.994027019       10.0000000       2.93216988E-04
 Fase2         148  0.994027019       10.0000000       2.93331599E-04
 Fase2         149  0.994027019       10.0000000       2.93773541E-04
 Fase2         150  0.994027019       10.0000000       2.93154066E-04
 Fase2         151  0.994027019       10.0000000       2.91153585E-04
 Fase2         152  0.994027019       10.0000000       2.92963668E-04
 Fase2         153  0.994027019       10.0000000       2.93809397E-04
 Fase2         154  0.994027019       10.0000000       2.93873280E-04
 Fase2         155  0.994027019       10.0000000       2.84537353E-04
 Fase2         156  0.994027019       10.0000000       2.91801698E-04
 Fase2         157  0.994027019       10.0000000       2.92904209E-04
 Fase2         158  0.994027019       10.0000000       2.92523793E-04
 Fase2         159  0.994027019       10.0000000       2.92729004E-04
 Fase2         160  0.994027019       10.0000000       2.91523989E-04
 Fase2         161  0.994027019       10.0000000       2.92972400E-04
 Fase2         162  0.994027019       10.0000000       2.93835270E-04
 Fase2         163  0.994027019       10.0000000       2.90356198E-04
 Fase2         164  0.994027019       10.0000000       2.93176068E-04
 Fase2         165  0.994027019       10.0000000       2.92962475E-04
 Fase2         166  0.994027019       10.0000000       2.92448181E-04
 Fase2         167  0.994027019       10.0000000       2.93062913E-04
 Fase2         168  0.994027019       10.0000000       2.93421181E-04
 Fase2         170  0.994027019       10.0000000       2.70640085E-05
 Fase2         171  0.994027019       10.0000000       2.92505749E-04
 Fase2         172  0.994027019       10.0000000       2.93710298E-04
 Fase2         173  0.994027019       10.0000000       2.87052942E-04
 Fase2         174  0.994027019       10.0000000       2.87533650E-04
 Fase2         175  0.994027019       10.0000000       2.93859368E-04
 Fase2         176  0.994027019       10.0000000       2.83137284E-04
 Fase2         177  0.994027019       10.0000000       2.93911493E-04
 The cross section area is:    11.0961943      m2
 The depth is:    10.0000000     m
  
 The erosion reached the non erodible layer.
