 Fase1           1   2.35991403E-02   4.28359881E-02   2.35991403E-02   1.01089245E-03
 Fase1           2   1.43994326E-02   2.41230838E-02   2.35991403E-02   1.35825120E-03
 Fase1           5   2.63121724E-02   6.65128380E-02   2.63121724E-02   3.10834846E-03
 Fase1          12   1.80792175E-02  0.142897353       2.63121724E-02   5.69182076E-03
 Fase1          14   1.47898886E-02   4.81190197E-02   2.63121724E-02   6.40349556E-03
 Fase1          17  0.132318124      0.500000000      0.132318124       7.25625604E-02
 Fase2          17  0.395967066      0.500000000       3.11789772E-04
 Fase2          18  0.395967066      0.500000000       3.11762065E-04
 Fase2          19  0.395967066      0.500000000       3.05901689E-04
 Fase2          20  0.395967066      0.500000000       3.06345231E-04
 Fase2          21  0.395967066      0.500000000       3.09801952E-04
 Fase2          22  0.395967066      0.500000000       3.01305408E-04
 Fase2          24  0.395967066      0.500000000       8.86124762E-05
 Fase2          25  0.395967066      0.500000000       3.12218792E-04
 Fase2          27  0.395967066      0.500000000       3.30681542E-05
 Fase2          29  0.395967066      0.500000000       2.87242216E-07
 Fase2          31  0.395967066      0.500000000       1.63407931E-05
 Fase2          33  0.395967066      0.500000000       2.87242216E-07
 Fase2          35  0.395967066      0.500000000       3.20176223E-05
 Fase2          37  0.395967066      0.500000000       1.41724295E-05
 Fase2          38  0.395967066      0.500000000       3.04197718E-04
 Fase2          39  0.395967066      0.500000000       3.13150958E-04
 Fase2          40  0.400062591      0.500000000       3.11743381E-04
 Fase2          41  0.400062591      0.500000000       3.10273259E-04
 Fase2          42  0.400062591      0.500000000       3.13084543E-04
 Fase2          43  0.400062591      0.500000000       3.12964927E-04
 Fase2          44  0.400062591      0.500000000       3.12720775E-04
 Fase2          45  0.400062591      0.500000000       3.12949065E-04
 Fase2          46  0.446078748      0.500000000       3.11140320E-04
 Fase2          47  0.446078748      0.500000000       3.12559976E-04
 Fase2          48  0.446078748      0.500000000       3.12803866E-04
 Fase2          49  0.446078748      0.500000000       3.01123859E-04
 Fase2          50  0.446078748      0.500000000       3.12115415E-04
 Fase2          52  0.446078748      0.500000000       4.91809851E-06
 Fase2          54  0.446078748      0.500000000       4.91809851E-06
 Fase2          55  0.724408507      0.500000000       3.07426701E-04
 Fase2          57  0.724408507      0.500000000       0.00000000    
 Fase2          58  0.724408507      0.500000000       3.11242417E-04
 Fase2          59  0.724408507      0.500000000       3.11995420E-04
 Fase2          60  0.724408507      0.500000000       3.11410171E-04
 Fase2          61  0.724408507      0.500000000       3.05500493E-04
 Fase2          62  0.724408507      0.500000000       3.12248594E-04
 Fase2          63  0.724408507      0.500000000       2.99890467E-04
 Fase2          64  0.724408507      0.500000000       3.11623910E-04
 Fase2          65  0.724408507      0.500000000       3.12381773E-04
 Fase2          66  0.724408507      0.500000000       3.12358869E-04
 Fase2          67  0.724408507      0.500000000       3.12532036E-04
 Fase2          68  0.782526255      0.500000000       3.06715898E-04
 Fase2          69  0.782526255      0.500000000       3.08468414E-04
 Fase2          70  0.782526255      0.500000000       3.11548269E-04
 Fase2          71  0.782526255      0.500000000       3.00023356E-04
 Fase2          72  0.782526255      0.500000000       3.12338321E-04
 Fase2          73  0.782526255      0.500000000       3.05112277E-04
 Fase2          74  0.782526255      0.500000000       3.12696589E-04
 Fase2          75  0.782526255      0.500000000       3.09830386E-04
 Fase2          76  0.782526255      0.500000000       3.13112570E-04
 Fase2          77  0.782526255      0.500000000       3.10162985E-04
 Fase2          78  0.782526255      0.500000000       3.13019991E-04
 Fase2          79  0.782526255      0.500000000       3.09306139E-04
 Fase2          81  0.782526255      0.500000000       1.04949206E-04
 Fase2          83  0.782526255      0.500000000       1.13541129E-04
 Fase2          85  0.782526255      0.500000000       3.47317145E-05
 Fase2          86  0.782526255      0.500000000       3.10876232E-04
 Fase2          87  0.782526255      0.500000000       3.12978023E-04
 Fase2          88  0.782526255      0.500000000       3.13126278E-04
 Fase2          89  0.782526255      0.500000000       3.00605374E-04
 Fase2          90  0.782526255      0.500000000       3.03770183E-04
 Fase2          91  0.999272943      0.500000000       3.03883251E-04
 Fase2          92  0.999272943      0.500000000       3.12629098E-04
 Fase2          93  0.999272943      0.500000000       3.04874324E-04
 Fase2          94  0.999272943      0.500000000       3.13048222E-04
 Fase2          95  0.999272943      0.500000000       3.06694274E-04
 Fase2          96  0.999272943      0.500000000       3.05244757E-04
 Fase2          97  0.999272943      0.500000000       3.00753716E-04
 Fase2          99  0.999272943      0.500000000       5.76505590E-05
 Fase2         100  0.999272943      0.500000000       3.12837510E-04
 Fase2         102  0.999272943      0.500000000       4.68228318E-05
 Fase2         103  0.999272943      0.500000000       3.03190929E-04
 Fase2         104  0.999272943      0.500000000       3.11263080E-04
 Fase2         105  0.999272943      0.500000000       3.11757292E-04
 Fase2         106  0.999272943      0.500000000       3.12251592E-04
 Fase2         108  0.999272943      0.500000000       3.75074507E-07
 Fase2         110  0.999272943      0.500000000       3.72198083E-05
 Fase2         111  0.999272943      0.500000000       3.00100946E-04
 Fase2         113  0.999272943      0.500000000       9.35574208E-05
 Fase2         114  0.999272943      0.500000000       3.01367661E-04
 Fase2         115  0.999272943      0.500000000       3.12370685E-04
 Fase2         116  0.999272943      0.500000000       3.13061289E-04
 Fase2         117  0.999272943      0.500000000       3.10224830E-04
 Fase2         118  0.999272943      0.500000000       3.01116670E-04
 Fase2         119  0.999272943      0.500000000       3.01557884E-04
 Fase2         120  0.999272943      0.500000000       3.13123950E-04
 Fase2         121  0.999272943      0.500000000       3.12210177E-04
 Fase2         122  0.999272943      0.500000000       3.12936056E-04
 Fase2         123  0.999272943      0.500000000       3.13014374E-04
 Fase2         124  0.999272943      0.500000000       3.10857460E-04
 Fase2         125  0.999272943      0.500000000       3.13140335E-04
 Fase2         126  0.999272943      0.500000000       3.00217158E-04
 Fase2         127  0.999272943      0.500000000       3.10811214E-04
 Fase2         128  0.999272943      0.500000000       3.13153840E-04
 Fase2         129  0.999272943      0.500000000       3.13154014E-04
 Fase2         130  0.999272943      0.500000000       3.08606541E-04
 Fase2         131  0.999272943      0.500000000       3.12372751E-04
 Fase2         132  0.999272943      0.500000000       3.10068048E-04
 Fase2         133  0.999272943      0.500000000       2.96736893E-04
 Fase2         134  0.999272943      0.500000000       3.12697346E-04
 Fase2         135  0.999272943      0.500000000       3.11673968E-04
 Fase2         136  0.999272943      0.500000000       3.05960246E-04
 Fase2         137  0.999272943      0.500000000       3.12518969E-04
 Fase2         139  0.999272943      0.500000000       4.07157204E-05
 Fase2         141  0.999272943      0.500000000       3.87977525E-05
 Fase2         142  0.999272943      0.500000000       3.06516275E-04
 Fase2         143  0.999272943      0.500000000       3.13153694E-04
 Fase2         144  0.999272943      0.500000000       3.00542568E-04
 Fase2         145  0.999272943      0.500000000       3.11877084E-04
 Fase2         146  0.999272943      0.500000000       3.05533467E-04
 Fase2         147  0.999272943      0.500000000       3.12416174E-04
 Fase2         148  0.999272943      0.500000000       3.12537886E-04
 Fase2         149  0.999272943      0.500000000       3.13007215E-04
 Fase2         150  0.999272943      0.500000000       3.12349322E-04
 Fase2         151  0.999272943      0.500000000       3.10224830E-04
 Fase2         152  0.999272943      0.500000000       3.12147138E-04
 Fase2         153  0.999272943      0.500000000       3.13045311E-04
 Fase2         154  0.999272943      0.500000000       3.13113123E-04
 Fase2         155  0.999272943      0.500000000       3.03198438E-04
 Fase2         156  0.999272943      0.500000000       3.10913136E-04
 Fase2         157  0.999272943      0.500000000       3.12084012E-04
 Fase2         158  0.999272943      0.500000000       3.11679993E-04
 Fase2         159  0.999272943      0.500000000       3.11897922E-04
 Fase2         160  0.999272943      0.500000000       3.10618198E-04
 Fase2         161  0.999272943      0.500000000       3.12156393E-04
 Fase2         162  0.999272943      0.500000000       3.13072786E-04
 Fase2         163  0.999272943      0.500000000       3.09378025E-04
 Fase2         164  0.999272943      0.500000000       3.12372751E-04
 Fase2         165  0.999272943      0.500000000       3.12145858E-04
 Fase2         166  0.999272943      0.500000000       3.11599666E-04
 Fase2         167  0.999272943      0.500000000       3.12252523E-04
 Fase2         168  0.999272943      0.500000000       3.12632998E-04
 Fase2         170  0.999272943      0.500000000       2.97629522E-05
 Fase2         171  0.999272943      0.500000000       3.11660842E-04
 Fase2         172  0.999272943      0.500000000       3.12940043E-04
 Fase2         173  0.999272943      0.500000000       3.05869995E-04
 Fase2         174  0.999272943      0.500000000       3.06380534E-04
 Fase2         175  0.999272943      0.500000000       3.13098368E-04
 Fase2         176  0.999272943      0.500000000       3.01711581E-04
 Fase2         177  0.999272943      0.500000000       3.13153723E-04
 The cross section area is:   0.787356615      m2
 The depth is:   0.500000000     m
  
 The erosion reached the non erodible layer.
