 Fase1           3  0.278378129       4.77139503E-02  0.278378129       1.32825198E-02
 Fase1           4   9.25360695E-02   5.56447450E-03  0.278378129       1.37974340E-02
 Fase1           5  0.249646276       4.11355458E-02  0.278378129       2.40667704E-02
 Fase1           7  0.108699322       1.17262907E-03  0.278378129       2.41942350E-02
 Fase1          10  0.223666102       3.51855569E-02  0.278378129       3.20640504E-02
 Fase1          11   9.74870697E-02   6.60922984E-03  0.278378129       3.27083655E-02
 Fase1          12  0.307804674       5.44485189E-02  0.307804674       4.94678728E-02
 Fase1          15  0.139105916       1.58636291E-02  0.307804674       5.16745970E-02
 Fase1          16  0.315396786       5.61855473E-02  0.315396786       6.93953410E-02
 Fase2          16  0.460715413      0.215000004       1.11024856E-04
 Fase2          17  0.460715413      0.215000004       1.08467568E-04
 Fase2          18  0.460715413      0.215000004       1.07814638E-04
 Fase2          19  0.560889006      0.215000004       1.10897265E-04
 Fase2          20  0.560889006      0.215000004       1.09569533E-04
 Fase2          21  0.560889006      0.215000004       1.08032378E-04
 Fase2          22  0.586739004      0.215000004       1.10897265E-04
 Fase2          23  0.586739004      0.215000004       1.07692307E-04
 Fase2          25  0.586739004      0.215000004       7.95276574E-05
 Fase2          26  0.586739004      0.215000004       1.07520158E-04
 Fase2          27  0.598063111      0.215000004       1.10956782E-04
 Fase2          28  0.680720806      0.215000004       1.11385954E-04
 Fase2          29  0.680720806      0.215000004       1.05158520E-04
 Fase2          31  0.680720806      0.215000004       2.68803105E-05
 Fase2          33  0.680720806      0.215000004       3.06639595E-05
 Fase2          35  0.680720806      0.215000004       1.98751168E-05
 Fase2          36  0.680720806      0.215000004       1.05158520E-04
 Fase2          37  0.680720806      0.215000004       1.09973473E-04
 Fase2          38  0.680720806      0.215000004       1.09230561E-04
 Fase2          39  0.680720806      0.215000004       1.07783744E-04
 Fase2          40  0.680720806      0.215000004       1.08230670E-04
 Fase2          42  0.680720806      0.215000004       5.60978551E-05
 Fase2          43  0.680720806      0.215000004       1.09477893E-04
 Fase2          44  0.680720806      0.215000004       1.10822257E-04
 Fase2          45  0.680720806      0.215000004       1.08230670E-04
 Fase2          46  0.680720806      0.215000004       1.07852611E-04
 Fase2          47  0.767346859      0.215000004       1.11704365E-04
 Fase2          48  0.767346859      0.215000004       1.07852611E-04
 Fase2          49  0.767346859      0.215000004       1.07852611E-04
 Fase2          50  0.767346859      0.215000004       1.09230561E-04
 Fase2          51  0.767346859      0.215000004       1.06801017E-04
 Fase2          53  0.767346859      0.215000004       3.99403962E-06
 Fase2          54  0.767346859      0.215000004       1.07643027E-04
 Fase2          55  0.767346859      0.215000004       1.07520158E-04
 Fase2          56  0.767346859      0.215000004       1.09569533E-04
 Fase2          57  0.767346859      0.215000004       1.07814638E-04
 Fase2          58  0.767346859      0.215000004       1.08694265E-04
 Fase2          59  0.767346859      0.215000004       1.09477893E-04
 Fase2          61  0.767346859      0.215000004       3.55658885E-05
 Fase2          62  0.767346859      0.215000004       1.08071567E-04
 Fase2          64  0.767346859      0.215000004       2.45190167E-05
 Fase2          65  0.767346859      0.215000004       1.07643027E-04
 Fase2          66  0.767346859      0.215000004       1.07520158E-04
 Fase2          67  0.767346859      0.215000004       1.08657405E-04
 Fase2          68  0.767346859      0.215000004       1.07681495E-04
 Fase2          69  0.767346859      0.215000004       1.09290595E-04
 Fase2          71  0.767346859      0.215000004       3.33190073E-05
 Fase2          73  0.767346859      0.215000004       1.65069414E-05
 Fase2          74  0.767346859      0.215000004       1.07681495E-04
 Fase2          76  0.767346859      0.215000004       6.92239701E-05
 Fase2          78  0.767346859      0.215000004       8.57405466E-05
 Fase2          79  0.767346859      0.215000004       1.07520158E-04
 Fase2          80  0.767346859      0.215000004       1.07526444E-04
 Fase2          81  0.767346859      0.215000004       1.09569533E-04
 Fase2          82  0.767346859      0.215000004       1.09721419E-04
 Fase2          83  0.767346859      0.215000004       1.09721419E-04
 Fase2          84  0.767346859      0.215000004       1.09287736E-04
 Fase2          85  0.767346859      0.215000004       1.05158520E-04
 Fase2          87  0.767346859      0.215000004       3.06639595E-05
 Fase2          88  0.767346859      0.215000004       1.09073844E-04
 Fase2          89  0.767346859      0.215000004       1.09230561E-04
 Fase2          90  0.767346859      0.215000004       1.07708904E-04
 Fase2          92  0.767346859      0.215000004       7.30447064E-05
 Fase2          94  0.767346859      0.215000004       7.01710160E-05
 Fase2          96  0.767346859      0.215000004       5.66628514E-05
 Fase2          97  0.767346859      0.215000004       1.07852611E-04
 Fase2          99  0.767346859      0.215000004       8.35750907E-05
 Fase2         101  0.767346859      0.215000004       7.55440778E-05
 Fase2         102  0.767346859      0.215000004       1.08872839E-04
 Fase2         104  0.767346859      0.215000004       5.28763703E-05
 Fase2         105  0.767346859      0.215000004       1.09721419E-04
 Fase2         106  0.767346859      0.215000004       1.08582492E-04
 Fase2         107  0.767346859      0.215000004       1.07730244E-04
 Fase2         108  0.767346859      0.215000004       1.07730244E-04
 Fase2         110  0.767346859      0.215000004       1.83750672E-05
 Fase2         111  0.767346859      0.215000004       1.09230561E-04
 Fase2         113  0.767346859      0.215000004       5.07608383E-05
 Fase2         114  0.767346859      0.215000004       1.09659384E-04
 Fase2         115  0.889832556      0.215000004       1.12132933E-04
 Fase2         116  0.889832556      0.215000004       1.07477972E-04
 Fase2         117  0.889832556      0.215000004       1.06661049E-04
 Fase2         118  0.889832556      0.215000004       1.07814638E-04
 Fase2         119  0.889832556      0.215000004       1.04167411E-04
 Fase2         121  0.889832556      0.215000004       1.30929438E-05
 Fase2         122  0.889832556      0.215000004       1.07692307E-04
 Fase2         123  0.889832556      0.215000004       1.09621389E-04
 Fase2         125  0.889832556      0.215000004       1.97249101E-05
 Fase2         126  0.889832556      0.215000004       1.09287736E-04
 Fase2         127  0.889832556      0.215000004       1.08582492E-04
 Fase2         128  0.889832556      0.215000004       1.09230561E-04
 Fase2         129  0.889832556      0.215000004       1.07730244E-04
 Fase2         130  0.889832556      0.215000004       1.07918480E-04
 Fase2         131  0.889832556      0.215000004       1.08694265E-04
 Fase2         132  0.889832556      0.215000004       1.08544511E-04
 Fase2         133  0.889832556      0.215000004       1.09230561E-04
 Fase2         134  0.889832556      0.215000004       1.09721419E-04
 Fase2         135  0.889832556      0.215000004       1.07814638E-04
 Fase2         136  0.889832556      0.215000004       1.08093969E-04
 Fase2         137  0.889832556      0.215000004       1.07677697E-04
 Fase2         139  0.889832556      0.215000004       6.45116233E-05
 Fase2         140  0.889832556      0.215000004       1.08310349E-04
 Fase2         141  0.889832556      0.215000004       1.09287736E-04
 Fase2         143  0.889832556      0.215000004       4.05664796E-05
 Fase2         144  0.889832556      0.215000004       1.08032378E-04
 Fase2         146  0.889832556      0.215000004       1.54085119E-05
 Fase2         147  0.889832556      0.215000004       1.11265508E-04
 Fase2         148  0.946074367      0.215000004       1.12126625E-04
 Fase2         150  0.946074367      0.215000004       2.39638121E-05
 Fase2         152  0.946074367      0.215000004       1.74299039E-05
 Fase2         154  0.946074367      0.215000004       1.15200455E-05
 Fase2         155  0.946074367      0.215000004       1.07677697E-04
 Fase2         157  0.946074367      0.215000004       3.16817204E-05
 Fase2         158  0.946074367      0.215000004       1.09621389E-04
 Fase2         159  0.946074367      0.215000004       1.11190471E-04
 Fase2         160  0.946074367      0.215000004       1.07730244E-04
 Fase2         161  0.970215261      0.215000004       1.12169328E-04
 Fase2         162  0.970215261      0.215000004       1.12051901E-04
 Fase2         163  0.970215261      0.215000004       1.11464462E-04
 Fase2         164  0.970215261      0.215000004       1.07520158E-04
 Fase2         165  0.970215261      0.215000004       1.08941429E-04
 Fase2         166  0.970215261      0.215000004       1.07852611E-04
 Fase2         167  0.970215261      0.215000004       1.11611771E-04
 Fase2         168  0.970215261      0.215000004       1.09073844E-04
 Fase2         169  0.970215261      0.215000004       1.09383771E-04
 Fase2         170  0.970215261      0.215000004       1.09073844E-04
 Fase2         172  0.970215261      0.215000004       3.17926933E-05
 Fase2         173  0.970215261      0.215000004       1.05473991E-04
 Fase2         175  0.970215261      0.215000004       3.50814616E-06
 Fase2         176  0.970215261      0.215000004       1.04167411E-04
 Fase2         177  0.970215261      0.215000004       1.08310349E-04
 Fase2         178  0.970215261      0.215000004       1.11755566E-04
 Fase2         180  0.970215261      0.215000004       2.25807471E-05
 Fase2         181  0.970215261      0.215000004       1.08230670E-04
 Fase2         182  0.970215261      0.215000004       1.07526444E-04
 Fase2         184  0.970215261      0.215000004       8.29513738E-05
 Fase2         185  0.970215261      0.215000004       1.07852611E-04
 Fase2         186  0.970215261      0.215000004       1.07677697E-04
 Fase2         187  0.970215261      0.215000004       1.07755390E-04
 Fase2         189  0.970215261      0.215000004       7.86588716E-05
 Fase2         190  0.970215261      0.215000004       1.07477972E-04
 Fase2         191  0.970215261      0.215000004       1.06661049E-04
 Fase2         192  0.970215261      0.215000004       1.07882370E-04
 Fase2         194  0.970215261      0.215000004       5.56481064E-05
 Fase2         196  0.970215261      0.215000004       5.56481064E-05
 Fase2         198  0.970215261      0.215000004       7.24878410E-05
 Fase2         199  0.970215261      0.215000004       1.08071567E-04
 Fase2         201  0.970215261      0.215000004       7.29283784E-05
 Fase2         202  0.970215261      0.215000004       1.09462024E-04
 Fase2         203  0.970215261      0.215000004       1.09951870E-04
 Fase2         204  0.970215261      0.215000004       1.08032378E-04
 Fase2         205  0.970215261      0.215000004       1.07708904E-04
 Fase2         206  0.970215261      0.215000004       1.07730244E-04
 Fase2         208  0.970215261      0.215000004       6.91682799E-05
 Fase2         210  0.970215261      0.215000004       1.83750672E-05
 Fase2         211  0.970215261      0.215000004       1.04167411E-04
 Fase2         213  0.970215261      0.215000004       3.32491509E-05
 Fase2         214  0.970215261      0.215000004       1.07955639E-04
 Fase2         215  0.970215261      0.215000004       1.07730244E-04
 Fase2         216  0.970215261      0.215000004       1.11256370E-04
 Fase2         218  0.970215261      0.215000004       1.31403317E-06
 Fase2         219  0.970215261      0.215000004       1.07677763E-04
 Fase2         221  0.970215261      0.215000004       4.51130618E-05
 Fase2         222  0.970215261      0.215000004       1.06082691E-04
 Fase2         223  0.970215261      0.215000004       1.08190725E-04
 Fase2         225  0.970215261      0.215000004       6.42290397E-05
 Fase2         227  0.970215261      0.215000004       3.00947995E-05
 Fase2         228  0.970215261      0.215000004       1.08190725E-04
 Fase2         229  0.970215261      0.215000004       1.07918480E-04
 Fase2         230  0.970215261      0.215000004       1.08467568E-04
 Fase2         231  0.970215261      0.215000004       1.07783744E-04
 Fase2         233  0.970215261      0.215000004       4.58594768E-05
 Fase2         234  0.970215261      0.215000004       1.07730244E-04
 Fase2         236  0.970215261      0.215000004       6.91682799E-05
 Fase2         237  0.970215261      0.215000004       1.07847671E-04
 Fase2         238  0.970215261      0.215000004       1.11849149E-04
 Fase2         239  0.970215261      0.215000004       1.07882370E-04
 Fase2         241  0.970215261      0.215000004       3.91405338E-05
 Fase2         243  0.970215261      0.215000004       4.82728647E-05
 Fase2         245  0.970215261      0.215000004       2.64114442E-05
 Fase2         246  0.970215261      0.215000004       1.09008455E-04
 Fase2         247  0.970215261      0.215000004       1.07814638E-04
 Fase2         248  0.970215261      0.215000004       1.06519474E-04
 Fase2         249  0.970215261      0.215000004       1.08192231E-04
 Fase2         251  0.970215261      0.215000004       9.31866598E-05
 Fase2         252  0.970215261      0.215000004       1.08766879E-04
 Fase2         253  0.970215261      0.215000004       1.09839973E-04
 Fase2         254  0.970215261      0.215000004       1.07643027E-04
 Fase2         255  0.970215261      0.215000004       1.08802597E-04
 Fase2         257  0.970215261      0.215000004       4.08656997E-05
 Fase2         258  0.970215261      0.215000004       1.08837929E-04
 Fase2         260  0.970215261      0.215000004       1.91577892E-05
 Fase2         261  0.970215261      0.215000004       1.08071567E-04
 Fase2         262   1.07138312      0.215000004       1.12363916E-04
 Fase2         263   1.07138312      0.215000004       1.12157461E-04
 Fase2         264   1.07138312      0.215000004       1.11793262E-04
 Fase2         265   1.07138312      0.215000004       1.08270535E-04
 Fase2         266   1.07138312      0.215000004       1.08506196E-04
 Fase2         268   1.07138312      0.215000004       1.26195982E-05
 Fase2         269   1.07138312      0.215000004       1.07677763E-04
 Fase2         270   1.07138312      0.215000004       1.09489389E-04
 Fase2         272   1.07138312      0.215000004       3.44665896E-05
 Fase2         274   1.07138312      0.215000004       2.48242377E-05
 Fase2         275   1.07138312      0.215000004       1.08071567E-04
 Fase2         276   1.07138312      0.215000004       1.07993699E-04
 Fase2         277   1.07138312      0.215000004       1.06230284E-04
 Fase2         278   1.07138312      0.215000004       1.08192231E-04
 Fase2         279   1.07138312      0.215000004       1.07681495E-04
 Fase2         280   1.07138312      0.215000004       1.08329252E-04
 Fase2         281   1.07138312      0.215000004       1.09260742E-04
 Fase2         282   1.07138312      0.215000004       1.10885041E-04
 Fase2         283   1.07138312      0.215000004       1.09137683E-04
 Fase2         285   1.07138312      0.215000004       5.37667838E-05
 Fase2         286   1.07138312      0.215000004       1.07852611E-04
 Fase2         287   1.07138312      0.215000004       1.08230670E-04
 Fase2         288   1.07138312      0.215000004       1.06230284E-04
 Fase2         289   1.07138312      0.215000004       1.07847671E-04
 Fase2         290   1.07138312      0.215000004       1.11970607E-04
 Fase2         291   1.07138312      0.215000004       1.10897265E-04
 Fase2         293   1.07138312      0.215000004       1.23354775E-05
 Fase2         295   1.07138312      0.215000004       2.60875481E-06
 Fase2         296   1.17849016      0.215000004       1.12481721E-04
 Fase2         297   1.17849016      0.215000004       1.09169021E-04
 Fase2         299   1.17849016      0.215000004       2.72022480E-05
 Fase2         300   1.17849016      0.215000004       1.07600354E-04
 Fase2         302   1.17849016      0.215000004       4.34385447E-06
 Fase2         303   1.17849016      0.215000004       1.09287736E-04
 Fase2         304   1.17849016      0.215000004       1.08230670E-04
 Fase2         306   1.17849016      0.215000004       6.36006444E-05
 Fase2         308   1.17849016      0.215000004       2.32151087E-05
 Fase2         309   1.17849016      0.215000004       1.11494272E-04
 Fase2         310   1.17849016      0.215000004       1.09230561E-04
 Fase2         311   1.17849016      0.215000004       1.07993699E-04
 Fase2         312   1.17849016      0.215000004       1.11180758E-04
 Fase2         313   1.17849016      0.215000004       1.08270535E-04
 Fase2         314   1.17849016      0.215000004       1.09816829E-04
 Fase2         316   1.17849016      0.215000004       4.39946780E-05
 Fase2         317   1.17849016      0.215000004       1.08837929E-04
 Fase2         318   1.17849016      0.215000004       1.08694265E-04
 Fase2         319   1.17849016      0.215000004       1.09008455E-04
 Fase2         320   1.17849016      0.215000004       1.08544511E-04
 Fase2         321   1.17849016      0.215000004       1.07643027E-04
 Fase2         323   1.17849016      0.215000004       7.35682479E-05
 Fase2         324   1.17849016      0.215000004       1.10968373E-04
 Fase2         325   1.17849016      0.215000004       1.07588356E-04
 Fase2         327   1.17849016      0.215000004       5.73608049E-05
 Fase2         329   1.17849016      0.215000004       7.92768988E-05
 Fase2         330   1.17849016      0.215000004       1.08192231E-04
 Fase2         331   1.17849016      0.215000004       1.07814638E-04
 Fase2         333   1.17849016      0.215000004       7.42784978E-05
 Fase2         334   1.17849016      0.215000004       1.08941429E-04
 Fase2         335   1.17849016      0.215000004       1.09769659E-04
 Fase2         336   1.17849016      0.215000004       1.07852611E-04
 Fase2         338   1.17849016      0.215000004       7.10499662E-05
 Fase2         340   1.17849016      0.215000004       9.70295296E-05
 Fase2         341   1.17849016      0.215000004       1.07480177E-04
 Fase2         342   1.17849016      0.215000004       1.07480177E-04
 Fase2         344   1.17849016      0.215000004       4.90897801E-05
 Fase2         345   1.17849016      0.215000004       1.11190471E-04
 Fase2         346   1.17849016      0.215000004       1.11078989E-04
 Fase2         348   1.17849016      0.215000004       7.42728753E-06
 Fase2         349   1.17849016      0.215000004       1.11472029E-04
 Fase2         350   1.17849016      0.215000004       1.09569781E-04
 Fase2         351   1.17849016      0.215000004       1.11449248E-04
 Fase2         352   1.17849016      0.215000004       1.09516455E-04
 Fase2         353   1.17849016      0.215000004       1.08150838E-04
 Fase2         354   1.17849016      0.215000004       1.07847671E-04
 Fase2         355   1.17849016      0.215000004       1.08444059E-04
 Fase2         356   1.17849016      0.215000004       1.08093969E-04
 Fase2         357   1.17849016      0.215000004       1.07677697E-04
 Fase2         358   1.17849016      0.215000004       1.11377791E-04
 Fase2         359   1.17849016      0.215000004       1.08986627E-04
 Fase2         360   1.17849016      0.215000004       1.07852611E-04
 Fase2         361   1.17849016      0.215000004       1.07955639E-04
 Fase2         363   1.17849016      0.215000004       4.28691201E-05
 Fase2         364   1.17849016      0.215000004       1.07681495E-04
 Fase2         365   1.17849016      0.215000004       1.08032378E-04
 Fase2         366   1.17849016      0.215000004       1.09230561E-04
 Fase2         367   1.17849016      0.215000004       1.11551359E-04
 Fase2         368   1.17849016      0.215000004       1.08467568E-04
 Fase2         369   1.17849016      0.215000004       1.08310349E-04
 Fase2         371   1.17849016      0.215000004       1.36708368E-05
 Fase2         372   1.17849016      0.215000004       1.05473991E-04
 Fase2         373   1.17849016      0.215000004       1.11643698E-04
 Fase2         374   1.17849016      0.215000004       1.09073844E-04
 Fase2         375   1.17849016      0.215000004       1.07692307E-04
 Fase2         377   1.17849016      0.215000004       7.12269830E-05
 Fase2         379   1.17849016      0.215000004       5.75541817E-05
 Fase2         380   1.17849016      0.215000004       1.07852611E-04
 Fase2         382   1.17849016      0.215000004       6.06751782E-05
 Fase2         384   1.17849016      0.215000004       9.70295296E-05
 Fase2         385   1.17849016      0.215000004       1.09199980E-04
 Fase2         387   1.17849016      0.215000004       5.30203943E-05
 Fase2         388   1.17849016      0.215000004       1.08150838E-04
 Fase2         389   1.17849016      0.215000004       1.11190471E-04
 Fase2         390   1.17849016      0.215000004       1.07882370E-04
 Fase2         391   1.17849016      0.215000004       1.07814638E-04
 Fase2         392   1.17849016      0.215000004       1.07677697E-04
 Fase2         393   1.17849016      0.215000004       1.11089561E-04
 Fase2         395   1.17849016      0.215000004       1.95360426E-05
 Fase2         396   1.17849016      0.215000004       1.05158520E-04
 Fase2         398   1.17849016      0.215000004       3.06639595E-05
 Fase2         400   1.17849016      0.215000004       1.98751168E-05
 Fase2         401   1.17849016      0.215000004       1.09199980E-04
 Fase2         402   1.17849016      0.215000004       1.07918480E-04
 Fase2         403   1.17849016      0.215000004       1.11656205E-04
 Fase2         404   1.17849016      0.215000004       1.09745670E-04
 Fase2         405   1.17849016      0.215000004       1.07677763E-04
 Fase2         406   1.17849016      0.215000004       1.12087066E-04
 Fase2         407   1.17849016      0.215000004       1.09543136E-04
 Fase2         408   1.17849016      0.215000004       1.08329252E-04
 Fase2         409   1.17849016      0.215000004       1.09377885E-04
 Fase2         410   1.17849016      0.215000004       1.09287736E-04
 Fase2         411   1.17849016      0.215000004       1.09320041E-04
 Fase2         413   1.17849016      0.215000004       3.87071595E-05
 Fase2         414   1.17849016      0.215000004       1.09477893E-04
 Fase2         415   1.17849016      0.215000004       1.05473991E-04
 Fase2         416   1.17849016      0.215000004       1.07847671E-04
 Fase2         417   1.17849016      0.215000004       1.05317318E-04
 Fase2         418   1.17849016      0.215000004       1.09462024E-04
 Fase2         419   1.17849016      0.215000004       1.07708904E-04
 Fase2         421   1.17849016      0.215000004       6.71290254E-05
 Fase2         422   1.17849016      0.215000004       1.10945119E-04
 Fase2         424   1.17849016      0.215000004       2.05515516E-05
 Fase2         425   1.17849016      0.215000004       1.07480177E-04
 Fase2         426   1.17849016      0.215000004       1.07882370E-04
 Fase2         428   1.17849016      0.215000004       1.65959809E-05
 Fase2         429   1.17849016      0.215000004       1.08775705E-04
 Fase2         430   1.17849016      0.215000004       1.07918480E-04
 Fase2         432   1.17849016      0.215000004       1.62825309E-05
 Fase2         434   1.17849016      0.215000004       6.11993019E-05
 Fase2         435   1.17849016      0.215000004       1.09621389E-04
 Fase2         436   1.17849016      0.215000004       1.09377885E-04
 Fase2         438   1.17849016      0.215000004       5.09057136E-05
 Fase2         439   1.17849016      0.215000004       1.11761052E-04
 Fase2         441   1.17849016      0.215000004       2.11574661E-05
 Fase2         442   1.17849016      0.215000004       1.09349145E-04
 Fase2         443   1.17849016      0.215000004       1.08467568E-04
 Fase2         444   1.17849016      0.215000004       1.08150838E-04
 Fase2         445   1.17849016      0.215000004       1.07852611E-04
 Fase2         446   1.17849016      0.215000004       1.08032378E-04
 Fase2         447   1.17849016      0.215000004       1.09973473E-04
 Fase2         449   1.17849016      0.215000004       2.12109335E-05
 Fase2         450   1.17849016      0.215000004       1.12244859E-04
 Fase2         452   1.17849016      0.215000004       1.47894380E-05
 Fase2         453   1.17849016      0.215000004       1.09041350E-04
 Fase2         454   1.17849016      0.215000004       1.05628802E-04
 Fase2         455   1.17849016      0.215000004       1.07692307E-04
 Fase2         457   1.17849016      0.215000004       1.92127354E-05
 Fase2         459   1.17849016      0.215000004       5.33964012E-05
 Fase2         460   1.17849016      0.215000004       1.08190725E-04
 Fase2         462   1.17849016      0.215000004       5.38339991E-05
 Fase2         464   1.17849016      0.215000004       4.75109155E-05
 Fase2         465   1.17849016      0.215000004       1.11292436E-04
 Fase2         467   1.17849016      0.215000004       6.42202531E-06
 Fase2         468   1.17849016      0.215000004       1.06661049E-04
 Fase2         469   1.17849016      0.215000004       1.06375766E-04
 Fase2         470   1.17849016      0.215000004       1.06375766E-04
 Fase2         472   1.17849016      0.215000004       3.81361497E-05
 Fase2         474   1.17849016      0.215000004       4.09401619E-05
 Fase2         475   1.17849016      0.215000004       1.07993699E-04
 Fase2         476   1.17849016      0.215000004       1.09462024E-04
 Fase2         478   1.17849016      0.215000004       3.97745935E-05
 Fase2         479   1.17849016      0.215000004       1.11024856E-04
 Fase2         480   1.17849016      0.215000004       1.11100031E-04
 Fase2         481   1.17849016      0.215000004       1.11046815E-04
 Fase2         482   1.17849016      0.215000004       1.08667198E-04
 Fase2         483   1.17849016      0.215000004       1.08872839E-04
 Fase2         484   1.17849016      0.215000004       1.09973473E-04
 Fase2         485   1.17849016      0.215000004       1.08556516E-04
 Fase2         486   1.17849016      0.215000004       1.08428612E-04
 Fase2         487   1.17849016      0.215000004       1.07520158E-04
 Fase2         488   1.17849016      0.215000004       1.08192231E-04
 Fase2         489   1.17849016      0.215000004       1.11361216E-04
 Fase2         490   1.17849016      0.215000004       1.08975146E-04
 Fase2         491   1.17849016      0.215000004       1.08975146E-04
 Fase2         492   1.17849016      0.215000004       1.08657405E-04
 Fase2         494   1.17849016      0.215000004       2.02739902E-05
 Fase2         495   1.17849016      0.215000004       1.09745670E-04
 Fase2         496   1.17849016      0.215000004       1.08192231E-04
 Fase2         498   1.17849016      0.215000004       8.19725174E-05
 Fase2         499   1.17849016      0.215000004       1.07480177E-04
 Fase2         501   1.17849016      0.215000004       8.55288308E-05
 Fase2         502   1.17849016      0.215000004       1.09816829E-04
 Fase2         504   1.17849016      0.215000004       1.34978045E-05
 Fase2         505   1.17849016      0.215000004       1.09169021E-04
 Fase2         506   1.17849016      0.215000004       1.07643027E-04
 Fase2         507   1.17849016      0.215000004       1.07847671E-04
 Fase2         508   1.17849016      0.215000004       1.09646826E-04
 Fase2         510   1.17849016      0.215000004       1.95555949E-05
 Fase2         511   1.17849016      0.215000004       1.07480177E-04
 Fase2         512   1.17849016      0.215000004       1.07692307E-04
 Fase2         513   1.17849016      0.215000004       1.09199980E-04
 Fase2         514   1.17849016      0.215000004       1.09885499E-04
 Fase2         515   1.17849016      0.215000004       1.07852611E-04
 Fase2         516   1.17849016      0.215000004       1.07677697E-04
 Fase2         518   1.17849016      0.215000004       8.34209859E-05
 Fase2         519   1.17849016      0.215000004       1.07341490E-04
 Fase2         520   1.17849016      0.215000004       1.08657405E-04
 Fase2         521   1.17849016      0.215000004       1.11858819E-04
 Fase2         522   1.17849016      0.215000004       1.10822257E-04
 Fase2         523   1.17849016      0.215000004       1.11068373E-04
 Fase2         524   1.17849016      0.215000004       1.08192231E-04
 Fase2         525   1.17849016      0.215000004       1.09816829E-04
 Fase2         526   1.17849016      0.215000004       1.03995822E-04
 Fase2         527   1.17849016      0.215000004       1.07588356E-04
 Fase2         529   1.17849016      0.215000004       7.29493549E-05
 Fase2         530   1.17849016      0.215000004       1.08032378E-04
 Fase2         532   1.17849016      0.215000004       3.16606020E-05
 Fase2         534   1.17849016      0.215000004       3.71434580E-05
 Fase2         535   1.17849016      0.215000004       1.08212967E-04
 Fase2         536   1.17849016      0.215000004       1.07692307E-04
 Fase2         537   1.17849016      0.215000004       1.07993699E-04
 Fase2         539   1.17849016      0.215000004       6.25682878E-05
 Fase2         541   1.17849016      0.215000004       1.56895931E-05
 Fase2         542   1.17849016      0.215000004       1.07730244E-04
 Fase2         544   1.17849016      0.215000004       1.83750672E-05
 Fase2         545   1.17849016      0.215000004       1.10991277E-04
 Fase2         546   1.17849016      0.215000004       1.08428612E-04
 Fase2         548   1.17849016      0.215000004       4.78587172E-05
 Fase2         549   1.17849016      0.215000004       1.08467568E-04
 Fase2         550   1.17849016      0.215000004       1.08975146E-04
 Fase2         551   1.17849016      0.215000004       1.07847671E-04
 Fase2         552   1.17849016      0.215000004       1.09745670E-04
 Fase2         553   1.17849016      0.215000004       1.07993699E-04
 Fase2         555   1.17849016      0.215000004       7.44921490E-05
 Fase2         557   1.17849016      0.215000004       7.23170961E-05
 Fase2         559   1.17849016      0.215000004       1.56895931E-05
 Fase2         560   1.17849016      0.215000004       1.11219131E-04
 Fase2         561   1.17849016      0.215000004       1.07847671E-04
 Fase2         562   1.17849016      0.215000004       1.07783744E-04
 Fase2         563   1.17849016      0.215000004       1.07692307E-04
 Fase2         564   1.17849016      0.215000004       1.08657405E-04
 Fase2         565   1.17849016      0.215000004       1.10822257E-04
 Fase2         566   1.17849016      0.215000004       1.08190725E-04
 Fase2         567   1.17849016      0.215000004       1.07520158E-04
 Fase2         568   1.17849016      0.215000004       1.08389402E-04
 Fase2         569   1.17849016      0.215000004       1.08428612E-04
 Fase2         570   1.17849016      0.215000004       1.10860281E-04
 Fase2         571   1.17849016      0.215000004       1.07882370E-04
 Fase2         573   1.17849016      0.215000004       3.34534379E-05
 Fase2         574   1.17849016      0.215000004       1.07847671E-04
 Fase2         575   1.17849016      0.215000004       1.07852611E-04
 Fase2         577   1.17849016      0.215000004       7.10499662E-05
 Fase2         579   1.17849016      0.215000004       7.96993263E-05
 Fase2         581   1.17849016      0.215000004       3.82416583E-05
 Fase2         582   1.17849016      0.215000004       1.12055517E-04
 Fase2         583   1.17849016      0.215000004       1.07708904E-04
 Fase2         584   1.17849016      0.215000004       1.09008455E-04
 Fase2         585   1.17849016      0.215000004       1.11057656E-04
 Fase2         586   1.17849016      0.215000004       1.10897265E-04
 Fase2         588   1.17849016      0.215000004       2.31093563E-05
 Fase2         589   1.17849016      0.215000004       1.08093969E-04
 Fase2         590   1.17849016      0.215000004       1.09885499E-04
 Fase2         591   1.17849016      0.215000004       1.12116992E-04
 Fase2         592   1.17849016      0.215000004       1.07814638E-04
 Fase2         594   1.17849016      0.215000004       6.35209872E-05
 Fase2         595   1.17849016      0.215000004       1.10860281E-04
 Fase2         596   1.17849016      0.215000004       1.11035879E-04
 Fase2         597   1.17849016      0.215000004       1.09973473E-04
 Fase2         598   1.17849016      0.215000004       1.09073844E-04
 Fase2         599   1.17849016      0.215000004       1.12234819E-04
 Fase2         600   1.17849016      0.215000004       1.07708904E-04
 Fase2         601   1.17849016      0.215000004       1.07692307E-04
 Fase2         602   1.17849016      0.215000004       1.07814638E-04
 Fase2         603   1.17849016      0.215000004       1.07681495E-04
 Fase2         604   1.17849016      0.215000004       1.09008455E-04
 Fase2         605   1.17849016      0.215000004       1.08467568E-04
 Fase2         607   1.17849016      0.215000004       4.08789201E-05
 Fase2         608   1.17849016      0.215000004       1.08192231E-04
 Fase2         609   1.17849016      0.215000004       1.07588356E-04
 Fase2         611   1.17849016      0.215000004       2.12374889E-05
 Fase2         612   1.17849016      0.215000004       1.09377885E-04
 Fase2         613   1.17849016      0.215000004       1.07677763E-04
 Fase2         614   1.17849016      0.215000004       1.09569533E-04
 Fase2         615   1.17849016      0.215000004       1.07973567E-04
 Fase2         616   1.17849016      0.215000004       1.08329252E-04
 Fase2         617   1.17849016      0.215000004       1.08150838E-04
 Fase2         619   1.17849016      0.215000004       6.48760688E-05
 Fase2         621   1.17849016      0.215000004       6.48760688E-05
 Fase2         622   1.17849016      0.215000004       1.08556516E-04
 Fase2         623   1.17849016      0.215000004       1.07882370E-04
 Fase2         624   1.17849016      0.215000004       1.08506196E-04
 Fase2         626   1.17849016      0.215000004       5.96452883E-05
 Fase2         627   1.17849016      0.215000004       1.09008455E-04
 Fase2         628   1.17849016      0.215000004       1.09516455E-04
 Fase2         629   1.17849016      0.215000004       1.08802597E-04
 Fase2         630   1.17849016      0.215000004       1.09105975E-04
 Fase2         631   1.17849016      0.215000004       1.08506196E-04
 Fase2         632   1.17849016      0.215000004       1.07677763E-04
 Fase2         633   1.17849016      0.215000004       1.09832086E-04
 Fase2         634   1.17849016      0.215000004       1.08032378E-04
 Fase2         635   1.17849016      0.215000004       1.07847671E-04
 Fase2         636   1.17849016      0.215000004       1.05628802E-04
 Fase2         637   1.17849016      0.215000004       1.09073844E-04
 Fase2         638   1.17849016      0.215000004       1.08032378E-04
 Fase2         640   1.17849016      0.215000004       5.61980523E-05
 Fase2         641   1.17849016      0.215000004       1.11618247E-04
 Fase2         643   1.17849016      0.215000004       1.11596464E-05
 Fase2         645   1.17849016      0.215000004       2.77281688E-05
 Fase2         647   1.17849016      0.215000004       2.39064357E-05
 Fase2         649   1.17849016      0.215000004       2.39064357E-05
 Fase2         651   1.17849016      0.215000004       2.52456412E-05
 Fase2         653   1.17849016      0.215000004       1.76113135E-05
 Fase2         655   1.17849016      0.215000004       4.83523445E-06
 Fase2         656   1.17849016      0.215000004       1.07588356E-04
 Fase2         658   1.17849016      0.215000004       7.62031414E-05
 Fase2         659   1.17849016      0.215000004       1.07692307E-04
 Fase2         660   1.17849016      0.215000004       1.07477972E-04
 Fase2         661   1.17849016      0.215000004       1.07783744E-04
 Fase2         662   1.17849016      0.215000004       1.06801017E-04
 Fase2         663   1.17849016      0.215000004       1.07520158E-04
 Fase2         664   1.17849016      0.215000004       1.07526444E-04
 Fase2         666   1.17849016      0.215000004       5.75025115E-05
 Fase2         667   1.17849016      0.215000004       1.08620123E-04
 Fase2         668   1.17849016      0.215000004       1.08270535E-04
 Fase2         669   1.17849016      0.215000004       1.08467568E-04
 Fase2         671   1.17849016      0.215000004       1.28196543E-05
 Fase2         673   1.17849016      0.215000004       5.02967305E-05
 Fase2         675   1.17849016      0.215000004       4.74118860E-05
 Fase2         677   1.17849016      0.215000004       3.27895323E-05
 Fase2         678   1.17849016      0.215000004       1.06939253E-04
 Fase2         679   1.17849016      0.215000004       1.08802597E-04
 Fase2         680   1.17849016      0.215000004       1.08192231E-04
 Fase2         682   1.17849016      0.215000004       2.67155519E-05
 Fase2         683   1.17849016      0.215000004       1.08882356E-04
 Fase2         684   1.17849016      0.215000004       1.07955639E-04
 Fase2         685   1.17849016      0.215000004       1.09008455E-04
 Fase2         686   1.17849016      0.215000004       1.09434346E-04
 Fase2         687   1.17849016      0.215000004       1.07708904E-04
 Fase2         688   1.17849016      0.215000004       1.07852611E-04
 Fase2         689   1.17849016      0.215000004       1.07677697E-04
 Fase2         690   1.17849016      0.215000004       1.08556516E-04
 Fase2         691   1.17849016      0.215000004       1.09073844E-04
 Fase2         692   1.17849016      0.215000004       1.11369518E-04
 Fase2         693   1.17849016      0.215000004       1.07847671E-04
 Fase2         695   1.17849016      0.215000004       3.39456055E-05
 Fase2         697   1.17849016      0.215000004       7.79777984E-05
 Fase2         699   1.17849016      0.215000004       7.57193993E-05
 Fase2         700   1.17849016      0.215000004       1.09169021E-04
 Fase2         701   1.17849016      0.215000004       1.06939253E-04
 Fase2         702   1.17849016      0.215000004       1.09105975E-04
 Fase2         704   1.17849016      0.215000004       5.59994660E-05
 Fase2         706   1.17849016      0.215000004       1.75710611E-05
 Fase2         708   1.17849016      0.215000004       4.07804109E-05
 Fase2         709   1.17849016      0.215000004       1.09377885E-04
 Fase2         711   1.17849016      0.215000004       4.90590719E-05
 Fase2         712   1.17849016      0.215000004       1.08111075E-04
 Fase2         714   1.17849016      0.215000004       6.05629102E-05
 Fase2         715   1.17849016      0.215000004       1.08775705E-04
 Fase2         717   1.17849016      0.215000004       3.24276552E-05
 Fase2         718   1.17849016      0.215000004       1.07677697E-04
 Fase2         719   1.17849016      0.215000004       1.08802597E-04
 Fase2         721   1.17849016      0.215000004       1.11681256E-05
 Fase2         722   1.17849016      0.215000004       1.07755390E-04
 Fase2         723   1.17849016      0.215000004       1.12142276E-04
 Fase2         725   1.17849016      0.215000004       2.27923683E-05
 Fase2         726   1.17849016      0.215000004       1.11793262E-04
 Fase2         727   1.17849016      0.215000004       1.07852611E-04
 Fase2         729   1.17849016      0.215000004       2.57183183E-05
 Fase2         730   1.19260514      0.215000004       1.12465401E-04
 Fase2         731   1.19260514      0.215000004       1.07526444E-04
 Fase2         732   1.19260514      0.215000004       1.08389402E-04
 Fase2         733   1.19260514      0.215000004       1.07526444E-04
 Fase2         735   1.19260514      0.215000004       9.23617772E-05
 Fase2         736   1.19260514      0.215000004       1.08444059E-04
 Fase2         737   1.19260514      0.215000004       1.07755390E-04
 Fase2         739   1.19260514      0.215000004       2.82149558E-05
 Fase2         740   1.19260514      0.215000004       1.08150838E-04
 Fase2         741   1.19260514      0.215000004       1.07677763E-04
 Fase2         743   1.19260514      0.215000004       5.94928642E-05
 Fase2         745   1.19260514      0.215000004       5.94928642E-05
 Fase2         747   1.19260514      0.215000004       7.65086370E-05
 Fase2         748   1.19260514      0.215000004       1.09137683E-04
 Fase2         749   1.19260514      0.215000004       1.10968373E-04
 Fase2         750   1.19260514      0.215000004       1.08620123E-04
 Fase2         752   1.19260514      0.215000004       6.22585794E-05
 Fase2         753   1.19260514      0.215000004       1.11962312E-04
 Fase2         754   1.19260514      0.215000004       1.07814638E-04
 Fase2         756   1.19260514      0.215000004       7.66570156E-05
 Fase2         758   1.19260514      0.215000004       4.52113491E-05
 Fase2         760   1.19260514      0.215000004       1.72615783E-05
 Fase2         761   1.19260514      0.215000004       1.08270535E-04
 Fase2         762   1.19260514      0.215000004       1.08150838E-04
 Fase2         763   1.19260514      0.215000004       1.09951870E-04
 Fase2         764   1.19260514      0.215000004       1.04505118E-04
 Fase2         765   1.19260514      0.215000004       1.07814638E-04
 Fase2         766   1.19260514      0.215000004       1.09041350E-04
 Fase2         767   1.19260514      0.215000004       1.09929984E-04
 Fase2         769   1.19260514      0.215000004       4.26685219E-05
 Fase2         770   1.19260514      0.215000004       1.07955639E-04
 Fase2         771   1.19260514      0.215000004       1.11656205E-04
 Fase2         772   1.19260514      0.215000004       1.08467568E-04
 Fase2         773   1.19260514      0.215000004       1.08329252E-04
 Fase2         774   1.19260514      0.215000004       1.07526444E-04
 Fase2         775   1.19260514      0.215000004       1.07852611E-04
 Fase2         777   1.19260514      0.215000004       7.55440778E-05
 Fase2         779   1.19260514      0.215000004       4.72263891E-05
 Fase2         781   1.19260514      0.215000004       3.82416583E-05
 Fase2         783   1.19260514      0.215000004       8.35750907E-05
 Fase2         785   1.19260514      0.215000004       6.06751782E-05
 Fase2         786   1.19260514      0.215000004       1.07708904E-04
 Fase2         787   1.19260514      0.215000004       1.11209665E-04
 Fase2         788   1.19260514      0.215000004       1.08837929E-04
 Fase2         789   1.19260514      0.215000004       1.08349981E-04
 Fase2         791   1.19260514      0.215000004       6.40237922E-05
 Fase2         792   1.19260514      0.215000004       1.07852611E-04
 Fase2         793   1.19260514      0.215000004       1.07814638E-04
 Fase2         794   1.19260514      0.215000004       1.07677763E-04
 Fase2         795   1.19260514      0.215000004       1.08192231E-04
 Fase2         796   1.19260514      0.215000004       1.07708904E-04
 Fase2         798   1.19260514      0.215000004       1.87830738E-05
 Fase2         799   1.19260514      0.215000004       1.08032378E-04
 Fase2         800   1.19260514      0.215000004       1.08349981E-04
 Fase2         801   1.19260514      0.215000004       1.09377885E-04
 Fase2         802   1.19260514      0.215000004       1.08270535E-04
 Fase2         803   1.19260514      0.215000004       1.10933288E-04
 Fase2         804   1.19260514      0.215000004       1.09745670E-04
 Fase2         805   1.19260514      0.215000004       1.07643027E-04
 Fase2         806   1.19260514      0.215000004       1.08766879E-04
 Fase2         808   1.19260514      0.215000004       1.95911161E-05
 Fase2         809   1.19260514      0.215000004       1.07677763E-04
 Fase2         810   1.19260514      0.215000004       1.07783744E-04
 Fase2         811   1.19260514      0.215000004       1.04835599E-04
 Fase2         812   1.19260514      0.215000004       1.08349981E-04
 Fase2         813   1.19260514      0.215000004       1.08428612E-04
 Fase2         814   1.19260514      0.215000004       1.11456888E-04
 Fase2         815   1.19260514      0.215000004       1.07755390E-04
 Fase2         816   1.19260514      0.215000004       1.08620123E-04
 Fase2         817   1.19260514      0.215000004       1.07708904E-04
 Fase2         818   1.19260514      0.215000004       1.07477972E-04
 Fase2         819   1.19260514      0.215000004       1.11592053E-04
 Fase2         820   1.19260514      0.215000004       1.11394074E-04
 Fase2         821   1.19260514      0.215000004       1.06082691E-04
 Fase2         822   1.19260514      0.215000004       1.09287736E-04
 Fase2         823   1.19260514      0.215000004       1.12365749E-04
 Fase2         824   1.19260514      0.215000004       1.07677697E-04
 Fase2         825   1.19260514      0.215000004       1.08657405E-04
 Fase2         826   1.19260514      0.215000004       1.07755390E-04
 Fase2         828   1.19260514      0.215000004       7.86588716E-05
 Fase2         829   1.19260514      0.215000004       1.08310349E-04
 Fase2         830   1.19260514      0.215000004       1.08802597E-04
 Fase2         831   1.19260514      0.215000004       1.07520158E-04
 Fase2         832   1.19260514      0.215000004       1.08620123E-04
 Fase2         833   1.19260514      0.215000004       1.07852611E-04
 Fase2         835   1.19260514      0.215000004       6.06751782E-05
 Fase2         836   1.19260514      0.215000004       1.07993699E-04
 Fase2         838   1.19260514      0.215000004       7.00494129E-05
 Fase2         839   1.19260514      0.215000004       1.09569533E-04
 Fase2         841   1.19260514      0.215000004       4.49820291E-05
 Fase2         843   1.19260514      0.215000004       4.86390672E-05
 Fase2         844   1.19260514      0.215000004       1.08032378E-04
 Fase2         846   1.19260514      0.215000004       6.69426299E-05
 Fase2         847   1.19260514      0.215000004       1.07588356E-04
 Fase2         849   1.19260514      0.215000004       6.57713099E-05
 Fase2         850   1.19260514      0.215000004       1.07847671E-04
 Fase2         851   1.19260514      0.215000004       1.07677763E-04
 Fase2         852   1.19260514      0.215000004       1.10968373E-04
 Fase2         853   1.19260514      0.215000004       1.08766879E-04
 Fase2         855   1.19260514      0.215000004       3.43774009E-05
 Fase2         856   1.19260514      0.215000004       1.07681495E-04
 Fase2         858   1.19260514      0.215000004       1.96665042E-05
 Fase2         859   1.19260514      0.215000004       1.08349981E-04
 Fase2         860   1.19260514      0.215000004       1.10885041E-04
 Fase2         862   1.19260514      0.215000004       2.88771662E-05
 Fase2         864   1.19260514      0.215000004       2.31998947E-05
 Fase2         866   1.19260514      0.215000004       2.09717073E-05
 Fase2         868   1.19260514      0.215000004       2.52369427E-05
 Fase2         869   1.19260514      0.215000004       1.07882370E-04
 Fase2         870   1.19260514      0.215000004       1.07677697E-04
 Fase2         872   1.19260514      0.215000004       4.59752300E-05
 Fase2         873   1.19260514      0.215000004       1.10796347E-04
 Fase2         875   1.19260514      0.215000004       2.15911023E-05
 Fase2         876   1.19260514      0.215000004       1.07643027E-04
 Fase2         878   1.19260514      0.215000004       5.29588397E-05
 Fase2         879   1.19260514      0.215000004       1.08506196E-04
 Fase2         880   1.19260514      0.215000004       1.07677763E-04
 Fase2         881   1.19260514      0.215000004       1.07588356E-04
 Fase2         882   1.19260514      0.215000004       1.08882356E-04
 Fase2         883   1.19260514      0.215000004       1.06230284E-04
 Fase2         884   1.19260514      0.215000004       1.03822465E-04
 Fase2         886   1.19260514      0.215000004       3.14197750E-05
 Fase2         887   1.19260514      0.215000004       1.09434346E-04
 Fase2         888   1.19260514      0.215000004       1.09646826E-04
 Fase2         889   1.19260514      0.215000004       1.07730244E-04
 Fase2         891   1.19260514      0.215000004       7.97311368E-05
 Fase2         892   1.19260514      0.215000004       1.08032378E-04
 Fase2         894   1.19260514      0.215000004       1.54085119E-05
 Fase2         895   1.19260514      0.215000004       1.07730244E-04
 Fase2         897   1.19260514      0.215000004       4.21325894E-05
 Fase2         899   1.19260514      0.215000004       2.87186358E-05
 Fase2         900   1.19260514      0.215000004       1.09287736E-04
 Fase2         901   1.19260514      0.215000004       1.07955639E-04
 Fase2         902   1.19260514      0.215000004       1.07681495E-04
 Fase2         903   1.19260514      0.215000004       1.04167411E-04
 Fase2         904   1.19260514      0.215000004       1.12037189E-04
 Fase2         905   1.19260514      0.215000004       1.11002570E-04
 Fase2         906   1.19260514      0.215000004       1.04337196E-04
 Fase2         908   1.19260514      0.215000004       2.63408856E-05
 Fase2         909   1.19260514      0.215000004       1.09434346E-04
 Fase2         910   1.19260514      0.215000004       1.08192231E-04
 Fase2         911   1.19260514      0.215000004       1.08192231E-04
 Fase2         912   1.19260514      0.215000004       1.08192231E-04
 Fase2         913   1.19260514      0.215000004       1.07588356E-04
 Fase2         915   1.19260514      0.215000004       5.24816096E-05
 Fase2         916   1.19260514      0.215000004       1.09477893E-04
 Fase2         917   1.19260514      0.215000004       1.07918480E-04
 Fase2         918   1.19260514      0.215000004       1.11190471E-04
 Fase2         920   1.19260514      0.215000004       2.92974237E-05
 Fase2         921   1.19260514      0.215000004       1.08093969E-04
 Fase2         923   1.19260514      0.215000004       3.34718970E-05
 Fase2         925   1.19260514      0.215000004       4.58998102E-06
 Fase2         927   1.19260514      0.215000004       3.15371326E-05
 Fase2         929   1.19260514      0.215000004       3.34718970E-05
 Fase2         931   1.19260514      0.215000004       1.08415898E-05
 Fase2         932   1.19260514      0.215000004       1.07708904E-04
 Fase2         933   1.19260514      0.215000004       1.08270535E-04
 Fase2         934   1.19260514      0.215000004       1.09073844E-04
 Fase2         935   1.19260514      0.215000004       1.07677697E-04
 Fase2         936   1.19260514      0.215000004       1.08032378E-04
 Fase2         937   1.19260514      0.215000004       1.07852611E-04
 Fase2         939   1.19260514      0.215000004       7.10499662E-05
 Fase2         940   1.19260514      0.215000004       1.07480177E-04
 Fase2         942   1.19260514      0.215000004       4.23852325E-05
 Fase2         943   1.19260514      0.215000004       1.08837929E-04
 Fase2         944   1.19260514      0.215000004       1.11035879E-04
 Fase2         946   1.19260514      0.215000004       1.99142596E-05
 Fase2         947   1.19260514      0.215000004       1.09477893E-04
 Fase2         948   1.19260514      0.215000004       1.11656205E-04
 Fase2         949   1.19260514      0.215000004       1.08506196E-04
 Fase2         950   1.19260514      0.215000004       1.06801017E-04
 Fase2         951   1.19260514      0.215000004       1.12006681E-04
 Fase2         952   1.19260514      0.215000004       1.07755390E-04
 Fase2         953   1.19260514      0.215000004       1.09973473E-04
 Fase2         954   1.19260514      0.215000004       1.06519474E-04
 Fase2         955   1.19260514      0.215000004       1.08444059E-04
 Fase2         957   1.19260514      0.215000004       4.78194079E-06
 Fase2         958   1.19260514      0.215000004       1.08428612E-04
 The cross section area is:   0.300872296      m2
 The depth is:   0.215000004     m
  
 The erosion reached the non erodible layer.
