 ******************************************
        Entropy-based Gully erosion        
              model - V 0.2                
                                           
        TUB - Institut fur Okologie        
          UFC - PPGEA - Hidrosed           
                                           
            Pedro Alencar, 2020            
                                           
 ******************************************
  
The number of Manning of the channel is....        0.0400
The declivity of the hillslope is..........        0.0100
The critical shear stress is...............        3.5000
The rill erodibility coefficient is........        0.0080
The soil Bulk density is...................     1700.0000
The porosity of the soil is................        0.3410
The depth of the nonerodible layer is......        0.2150
The soil cohesion is.......................      600.0000
The internal friction angle is.............       24.0000
The threshold for wall erosion is..........        0.0000
The number of rainfall events is...........           958
  
  event   discharge(m3)    depth (m)    width (m)     area (m2)    lambda_wall    lambda_bed
     1        0.0010      NO EROSION
     2        0.0101        0.0225        0.0000        0.0000             -             -
     3        0.0128        0.0499        0.2107        0.0105             -             -
     4        0.0018        0.0499        0.2107        0.0105       -8.4380       -6.7784
     5        0.0101        0.0725        0.2107        0.0153             -             -
     6        0.0011        0.0725        0.2107        0.0153      -10.4210       -9.3468
     7        0.0003        0.0725        0.2107        0.0153      -98.9795      -98.9795
     8        0.0001        0.0725        0.2107        0.0153      -98.9795      -98.9795
     9        0.0011        0.0725        0.2107        0.0153      -10.4210       -9.3468
    10        0.0080        0.0906        0.2107        0.0191             -             -
    11        0.0019        0.0906        0.2107        0.0191       -8.3618       -6.6354
    12        0.0160        0.1230        0.2302        0.0283             -             -
    13        0.0002        0.1230        0.2302        0.0283      -98.9795      -98.9795
    14        0.0005        0.1230        0.2302        0.0283      -98.9795      -98.9795
    15        0.0032        0.1297        0.2213        0.0287       -8.3526       -6.1829
    16        0.0169        0.1634        0.2353        0.0384             -             -
    17        0.0050        0.1780        0.2237        0.0398       -9.6723       -6.3322
    18        0.0033        0.1856        0.2170        0.0403       -8.5354       -6.1342
    19        0.0158        0.2131        0.2188        0.0466      -98.9795      -98.9795
    20        0.0084        0.2150        0.2333        0.0502      -43.7014      -11.0764
    21        0.0039        0.2150        0.2334        0.0502       -8.6721       -6.1348
    22        0.0158        0.2150        0.2495        0.0536      -98.9795      -91.5753
    23        0.0028        0.2150        0.2495        0.0536       -8.4512       -6.8012
    24        0.0014        0.2150        0.2495        0.0536      -12.3564      -11.7163
    25        0.0068        0.2150        0.2522        0.0542      -10.9058       -6.6698
    26        0.0023        0.2150        0.2522        0.0542       -9.0555       -7.6597
    27        0.0163        0.2150        0.2692        0.0579      -98.9795      -22.5924
    28        0.0207        0.2150        0.2918        0.0627      -98.9795      -30.9669
    29        0.0141        0.2150        0.3035        0.0653      -17.1473       -8.1818
    30        0.0008        0.2150        0.3035        0.0653      -98.9795      -98.9795
    31        0.0029        0.2150        0.3035        0.0653      -10.4439       -9.3747
    32        0.0010        0.2150        0.3035        0.0653      -98.9795      -98.9795
    33        0.0014        0.2150        0.3035        0.0653      -29.5230      -41.3431
    34        0.0005        0.2150        0.3035        0.0653      -98.9795      -98.9795
    35        0.0019        0.2150        0.3035        0.0653      -15.9339      -16.4072
    36        0.0141        0.2150        0.3145        0.0676      -14.0920       -7.5079
    37        0.0101        0.2150        0.3193        0.0687       -9.2713       -6.2341
    38        0.0072        0.2150        0.3207        0.0690       -8.2969       -6.2402
    39        0.0032        0.2150        0.3207        0.0690      -10.8130       -9.8225
    40        0.0044        0.2150        0.3207        0.0690       -9.0258       -7.6211
    41        0.0010        0.2150        0.3207        0.0690      -98.9795      -98.9795
    42        0.0144        0.2150        0.3311        0.0712      -11.8684       -6.9356
    43        0.0107        0.2150        0.3361        0.0723       -8.9228       -6.1646
    44        0.0152        0.2150        0.3467        0.0746      -11.0087       -6.6985
    45        0.0044        0.2150        0.3467        0.0746      -10.0329       -8.8755
    46        0.0018        0.2150        0.3467        0.0746      -42.9054      -89.9605
    47        0.0253        0.2150        0.3718        0.0799      -24.0329       -9.3197
    48        0.0018        0.2150        0.3718        0.0799      -98.9795      -98.9795
    49        0.0018        0.2150        0.3718        0.0799      -98.9795      -98.9795
    50        0.0072        0.2150        0.3722        0.0800       -8.7135       -7.2004
    51        0.0130        0.2150        0.3782        0.0813       -8.5652       -6.1328
    52        0.0001        0.2150        0.3782        0.0813      -98.9795      -98.9795
    53        0.0028        0.2150        0.3782        0.0813      -22.5731      -26.8403
    54        0.0019        0.2150        0.3782        0.0813      -98.9795      -98.9795
    55        0.0023        0.2150        0.3782        0.0813      -40.5189      -78.0865
    56        0.0084        0.2150        0.3794        0.0816       -8.4708       -6.8341
    57        0.0033        0.2150        0.3794        0.0816      -16.9813      -17.8866
    58        0.0056        0.2150        0.3794        0.0816      -10.0263       -8.8674
    59        0.0107        0.2150        0.3827        0.0823       -8.2738       -6.3218
    60        0.0010        0.2150        0.3827        0.0823      -98.9795      -98.9795
    61        0.0016        0.2150        0.3827        0.0823      -98.9795      -98.9795
    62        0.0040        0.2150        0.3827        0.0823      -13.5886      -13.2759
    63        0.0002        0.2150        0.3827        0.0823      -98.9795      -98.9795
    64        0.0013        0.2150        0.3827        0.0823      -98.9795      -98.9795
    65        0.0019        0.2150        0.3827        0.0823      -98.9795      -98.9795
    66        0.0023        0.2150        0.3827        0.0823      -46.5941      -98.9795
    67        0.0055        0.2150        0.3827        0.0823      -10.2912       -9.1894
    68        0.0027        0.2150        0.3827        0.0823      -26.5183      -34.5111
    69        0.0074        0.2150        0.3831        0.0824       -8.8598       -7.4016
    70        0.0006        0.2150        0.3831        0.0824      -98.9795      -98.9795
    71        0.0001        0.2150        0.3831        0.0824      -98.9795      -98.9795
    72        0.0002        0.2150        0.3831        0.0824      -98.9795      -98.9795
    73        0.0128        0.2150        0.3885        0.0835       -8.3899       -6.1637
    74        0.0027        0.2150        0.3885        0.0835      -29.6396      -41.6285
    75        0.0010        0.2150        0.3885        0.0835      -98.9795      -98.9795
    76        0.0011        0.2150        0.3885        0.0835      -98.9795      -98.9795
    77        0.0016        0.2150        0.3885        0.0835      -98.9795      -98.9795
    78        0.0101        0.2150        0.3909        0.0840       -8.3206       -6.5423
    79        0.0023        0.2150        0.3909        0.0840      -64.3331      -98.9795
    80        0.0020        0.2150        0.3909        0.0840      -98.9795      -98.9795
    81        0.0084        0.2150        0.3918        0.0842       -8.6599       -7.1239
    82        0.0090        0.2150        0.3932        0.0845       -8.5182       -6.9110
    83        0.0090        0.2150        0.3946        0.0848       -8.5373       -6.9410
    84        0.0109        0.2150        0.3976        0.0855       -8.2952       -6.4698
    85        0.0141        0.2150        0.4038        0.0868       -8.3865       -6.1651
    86        0.0010        0.2150        0.4038        0.0868      -98.9795      -98.9795
    87        0.0046        0.2150        0.4038        0.0868      -13.6465      -13.3505
    88        0.0067        0.2150        0.4038        0.0868       -9.9475       -8.7714
    89        0.0072        0.2150        0.4039        0.0868       -9.5527       -8.2868
    90        0.0029        0.2150        0.4039        0.0868      -32.8307      -50.1285
    91        0.0012        0.2150        0.4039        0.0868      -98.9795      -98.9795
    92        0.0022        0.2150        0.4039        0.0868      -98.9795      -98.9795
    93        0.0011        0.2150        0.4039        0.0868      -98.9795      -98.9795
    94        0.0258        0.2150        0.4245        0.0913      -11.4525       -6.8217
    95        0.0007        0.2150        0.4245        0.0913      -98.9795      -98.9795
    96        0.0001        0.2150        0.4245        0.0913      -98.9795      -98.9795
    97        0.0018        0.2150        0.4245        0.0913      -98.9795      -98.9795
    98        0.0010        0.2150        0.4245        0.0913      -98.9795      -98.9795
    99        0.0001        0.2150        0.4245        0.0913      -98.9795      -98.9795
   100        0.0008        0.2150        0.4245        0.0913      -98.9795      -98.9795
   101        0.0058        0.2150        0.4245        0.0913      -12.3144      -11.6641
   102        0.0061        0.2150        0.4245        0.0913      -11.7556      -10.9730
   103        0.0012        0.2150        0.4245        0.0913      -98.9795      -98.9795
   104        0.0242        0.2150        0.4415        0.0949       -9.6894       -6.3367
   105        0.0090        0.2150        0.4420        0.0950       -9.6268       -8.3783
   106        0.0053        0.2150        0.4420        0.0950      -15.4261      -15.7089
   107        0.0030        0.2150        0.4420        0.0950      -98.9795      -98.9795
   108        0.0030        0.2150        0.4420        0.0950      -98.9795      -98.9795
   109        0.0001        0.2150        0.4420        0.0950      -98.9795      -98.9795
   110        0.0019        0.2150        0.4420        0.0950      -98.9795      -98.9795
   111        0.0072        0.2150        0.4420        0.0950      -11.1915      -10.2827
   112        0.0013        0.2150        0.4420        0.0950      -98.9795      -98.9795
   113        0.0303        0.2150        0.4654        0.1001      -10.6004       -6.5847
   114        0.0105        0.2150        0.4665        0.1003       -9.5586       -8.2942
   115        0.0352        0.2150        0.4940        0.1062      -10.6578       -6.6007
   116        0.0021        0.2150        0.4940        0.1062      -98.9795      -98.9795
   117        0.0131        0.2150        0.4964        0.1067       -9.2694       -7.9331
   118        0.0033        0.2150        0.4964        0.1067      -98.9795      -98.9795
   119        0.0147        0.2150        0.4999        0.1075       -8.8833       -7.4331
   120        0.0003        0.2150        0.4999        0.1075      -98.9795      -98.9795
   121        0.0001        0.2150        0.4999        0.1075      -98.9795      -98.9795
   122        0.0028        0.2150        0.4999        0.1075      -98.9795      -98.9795
   123        0.0086        0.2150        0.4999        0.1075      -12.8349      -12.3160
   124        0.0003        0.2150        0.4999        0.1075      -98.9795      -98.9795
   125        0.0008        0.2150        0.4999        0.1075      -98.9795      -98.9795
   126        0.0109        0.2150        0.5006        0.1076      -10.4912       -9.4321
   127        0.0053        0.2150        0.5006        0.1076      -29.8124      -42.0549
   128        0.0072        0.2150        0.5006        0.1076      -15.9857      -16.4791
   129        0.0030        0.2150        0.5006        0.1076      -98.9795      -98.9795
   130        0.0036        0.2150        0.5006        0.1076      -98.9795      -98.9795
   131        0.0056        0.2150        0.5006        0.1076      -25.6364      -32.6796
   132        0.0052        0.2150        0.5006        0.1076      -31.6159      -46.7278
   133        0.0072        0.2150        0.5006        0.1076      -15.9857      -16.4791
   134        0.0090        0.2150        0.5006        0.1076      -12.3159      -11.6660
   135        0.0033        0.2150        0.5006        0.1076      -98.9795      -98.9795
   136        0.0120        0.2150        0.5020        0.1079       -9.8887       -8.6996
   137        0.0025        0.2150        0.5020        0.1079      -98.9795      -98.9795
   138        0.0008        0.2150        0.5020        0.1079      -98.9795      -98.9795
   139        0.0072        0.2150        0.5020        0.1079      -16.1579      -16.7190
   140        0.0046        0.2150        0.5020        0.1079      -54.7602      -98.9795
   141        0.0109        0.2150        0.5027        0.1081      -10.5755       -9.5343
   142        0.0013        0.2150        0.5027        0.1081      -98.9795      -98.9795
   143        0.0030        0.2150        0.5027        0.1081      -98.9795      -98.9795
   144        0.0039        0.2150        0.5027        0.1081      -98.9795      -98.9795
   145        0.0001        0.2150        0.5027        0.1081      -98.9795      -98.9795
   146        0.0025        0.2150        0.5027        0.1081      -98.9795      -98.9795
   147        0.0193        0.2150        0.5100        0.1097       -8.3619       -6.6357
   148        0.0350        0.2150        0.5336        0.1147       -9.0567       -6.1887
   149        0.0016        0.2150        0.5336        0.1147      -98.9795      -98.9795
   150        0.0015        0.2150        0.5336        0.1147      -98.9795      -98.9795
   151        0.0010        0.2150        0.5336        0.1147      -98.9795      -98.9795
   152        0.0015        0.2150        0.5336        0.1147      -98.9795      -98.9795
   153        0.0006        0.2150        0.5336        0.1147      -98.9795      -98.9795
   154        0.0004        0.2150        0.5336        0.1147      -98.9795      -98.9795
   155        0.0025        0.2150        0.5336        0.1147      -98.9795      -98.9795
   156        0.0002        0.2150        0.5336        0.1147      -98.9795      -98.9795
   157        0.0002        0.2150        0.5336        0.1147      -98.9795      -98.9795
   158        0.0086        0.2150        0.5336        0.1147      -15.8128      -16.2395
   159        0.0185        0.2150        0.5391        0.1159       -8.7689       -7.2776
   160        0.0030        0.2150        0.5391        0.1159      -98.9795      -98.9795
   161        0.0364        0.2150        0.5619        0.1208       -8.6742       -6.1349
   162        0.0328        0.2150        0.5793        0.1246       -8.3034       -6.2298
   163        0.0217        0.2150        0.5859        0.1260       -8.9589       -7.5335
   164        0.0023        0.2150        0.5859        0.1260      -98.9795      -98.9795
   165        0.0063        0.2150        0.5859        0.1260      -98.9795      -98.9795
   166        0.0018        0.2150        0.5859        0.1260      -98.9795      -98.9795
   167        0.0238        0.2150        0.5939        0.1277       -8.7619       -7.2680
   168        0.0067        0.2150        0.5939        0.1277      -94.0958      -98.9795
   169        0.0108        0.2150        0.5939        0.1277      -17.2295      -18.2452
   170        0.0067        0.2150        0.5939        0.1277      -94.1412      -98.9795
   171        0.0005        0.2150        0.5939        0.1277      -98.9795      -98.9795
   172        0.0001        0.2150        0.5939        0.1277      -98.9795      -98.9795
   173        0.0139        0.2150        0.5949        0.1279      -12.5730      -11.9869
   174        0.0001        0.2150        0.5949        0.1279      -98.9795      -98.9795
   175        0.0131        0.2150        0.5956        0.1281      -13.4435      -13.0895
   176        0.0147        0.2150        0.5969        0.1283      -12.0050      -11.2804
   177        0.0046        0.2150        0.5969        0.1283      -98.9795      -98.9795
   178        0.0262        0.2150        0.6065        0.1304       -8.6389       -7.0935
   179        0.0011        0.2150        0.6065        0.1304      -98.9795      -98.9795
   180        0.0006        0.2150        0.6065        0.1304      -98.9795      -98.9795
   181        0.0044        0.2150        0.6065        0.1304      -98.9795      -98.9795
   182        0.0020        0.2150        0.6065        0.1304      -98.9795      -98.9795
   183        0.0011        0.2150        0.6065        0.1304      -98.9795      -98.9795
   184        0.0004        0.2150        0.6065        0.1304      -98.9795      -98.9795
   185        0.0018        0.2150        0.6065        0.1304      -98.9795      -98.9795
   186        0.0025        0.2150        0.6065        0.1304      -98.9795      -98.9795
   187        0.0031        0.2150        0.6065        0.1304      -98.9795      -98.9795
   188        0.0015        0.2150        0.6065        0.1304      -98.9795      -98.9795
   189        0.0023        0.2150        0.6065        0.1304      -98.9795      -98.9795
   190        0.0021        0.2150        0.6065        0.1304      -98.9795      -98.9795
   191        0.0131        0.2150        0.6071        0.1305      -14.2679      -14.1591
   192        0.0035        0.2150        0.6071        0.1305      -98.9795      -98.9795
   193        0.0008        0.2150        0.6071        0.1305      -98.9795      -98.9795
   194        0.0006        0.2150        0.6071        0.1305      -98.9795      -98.9795
   195        0.0008        0.2150        0.6071        0.1305      -98.9795      -98.9795
   196        0.0328        0.2150        0.6219        0.1337       -8.3325       -6.5712
   197        0.0014        0.2150        0.6219        0.1337      -98.9795      -98.9795
   198        0.0002        0.2150        0.6219        0.1337      -98.9795      -98.9795
   199        0.0040        0.2150        0.6219        0.1337      -98.9795      -98.9795
   200        0.0016        0.2150        0.6219        0.1337      -98.9795      -98.9795
   201        0.0404        0.2150        0.6429        0.1382       -8.2753       -6.3064
   202        0.0080        0.2150        0.6429        0.1382      -98.9795      -98.9795
   203        0.0100        0.2150        0.6429        0.1382      -32.9931      -50.6001
   204        0.0039        0.2150        0.6429        0.1382      -98.9795      -98.9795
   205        0.0029        0.2150        0.6429        0.1382      -98.9795      -98.9795
   206        0.0030        0.2150        0.6429        0.1382      -98.9795      -98.9795
   207        0.0011        0.2150        0.6429        0.1382      -98.9795      -98.9795
   208        0.0049        0.2150        0.6429        0.1382      -98.9795      -98.9795
   209        0.0001        0.2150        0.6429        0.1382      -98.9795      -98.9795
   210        0.0254        0.2150        0.6501        0.1398       -9.4509       -8.1605
   211        0.0147        0.2150        0.6510        0.1400      -15.6132      -15.9647
   212        0.0012        0.2150        0.6510        0.1400      -98.9795      -98.9795
   213        0.0018        0.2150        0.6510        0.1400      -98.9795      -98.9795
   214        0.0037        0.2150        0.6510        0.1400      -98.9795      -98.9795
   215        0.0030        0.2150        0.6510        0.1400      -98.9795      -98.9795
   216        0.0192        0.2150        0.6539        0.1406      -11.6873      -10.8891
   217        0.0001        0.2150        0.6539        0.1406      -98.9795      -98.9795
   218        0.0125        0.2150        0.6540        0.1406      -20.9297      -24.0031
   219        0.0026        0.2150        0.6540        0.1406      -98.9795      -98.9795
   220        0.0004        0.2150        0.6540        0.1406      -98.9795      -98.9795
   221        0.0001        0.2150        0.6540        0.1406      -98.9795      -98.9795
   222        0.0135        0.2150        0.6544        0.1407      -18.2003      -19.6792
   223        0.0043        0.2150        0.6544        0.1407      -98.9795      -98.9795
   224        0.0013        0.2150        0.6544        0.1407      -98.9795      -98.9795
   225        0.0004        0.2150        0.6544        0.1407      -98.9795      -98.9795
   226        0.0003        0.2150        0.6544        0.1407      -98.9795      -98.9795
   227        0.0047        0.2150        0.6544        0.1407      -98.9795      -98.9795
   228        0.0043        0.2150        0.6544        0.1407      -98.9795      -98.9795
   229        0.0036        0.2150        0.6544        0.1407      -98.9795      -98.9795
   230        0.0050        0.2150        0.6544        0.1407      -98.9795      -98.9795
   231        0.0032        0.2150        0.6544        0.1407      -98.9795      -98.9795
   232        0.0005        0.2150        0.6544        0.1407      -98.9795      -98.9795
   233        0.0247        0.2150        0.6608        0.1421       -9.8455       -8.6468
   234        0.0030        0.2150        0.6608        0.1421      -98.9795      -98.9795
   235        0.0011        0.2150        0.6608        0.1421      -98.9795      -98.9795
   236        0.0081        0.2150        0.6608        0.1421      -98.9795      -98.9795
   237        0.0034        0.2150        0.6608        0.1421      -98.9795      -98.9795
   238        0.0280        0.2150        0.6693        0.1439       -9.3390       -8.0207
   239        0.0035        0.2150        0.6693        0.1439      -98.9795      -98.9795
   240        0.0004        0.2150        0.6693        0.1439      -98.9795      -98.9795
   241        0.0017        0.2150        0.6693        0.1439      -98.9795      -98.9795
   242        0.0006        0.2150        0.6693        0.1439      -98.9795      -98.9795
   243        0.0013        0.2150        0.6693        0.1439      -98.9795      -98.9795
   244        0.0002        0.2150        0.6693        0.1439      -98.9795      -98.9795
   245        0.0338        0.2150        0.6819        0.1466       -8.7740       -7.2847
   246        0.0065        0.2150        0.6819        0.1466      -98.9795      -98.9795
   247        0.0033        0.2150        0.6819        0.1466      -98.9795      -98.9795
   248        0.0132        0.2150        0.6820        0.1466      -23.6601      -28.8252
   249        0.0017        0.2150        0.6820        0.1466      -98.9795      -98.9795
   250        0.0012        0.2150        0.6820        0.1466      -98.9795      -98.9795
   251        0.0008        0.2150        0.6820        0.1466      -98.9795      -98.9795
   252        0.0058        0.2150        0.6820        0.1466      -98.9795      -98.9795
   253        0.0095        0.2150        0.6820        0.1466      -98.9795      -98.9795
   254        0.0019        0.2150        0.6820        0.1466      -98.9795      -98.9795
   255        0.0059        0.2150        0.6820        0.1466      -98.9795      -98.9795
   256        0.0007        0.2150        0.6820        0.1466      -98.9795      -98.9795
   257        0.0008        0.2150        0.6820        0.1466      -98.9795      -98.9795
   258        0.0060        0.2150        0.6820        0.1466      -98.9795      -98.9795
   259        0.0002        0.2150        0.6820        0.1466      -98.9795      -98.9795
   260        0.0048        0.2150        0.6820        0.1466      -98.9795      -98.9795
   261        0.0040        0.2150        0.6820        0.1466      -98.9795      -98.9795
   262        0.0448        0.2150        0.7031        0.1512       -8.3311       -6.5679
   263        0.0360        0.2150        0.7159        0.1539       -8.9946       -7.5803
   264        0.0269        0.2150        0.7219        0.1552      -10.9135       -9.9445
   265        0.0045        0.2150        0.7219        0.1552      -98.9795      -98.9795
   266        0.0051        0.2150        0.7219        0.1552      -98.9795      -98.9795
   267        0.0001        0.2150        0.7219        0.1552      -98.9795      -98.9795
   268        0.0021        0.2150        0.7219        0.1552      -98.9795      -98.9795
   269        0.0026        0.2150        0.7219        0.1552      -98.9795      -98.9795
   270        0.0081        0.2150        0.7219        0.1552      -98.9795      -98.9795
   271        0.0007        0.2150        0.7219        0.1552      -98.9795      -98.9795
   272        0.0030        0.2150        0.7219        0.1552      -98.9795      -98.9795
   273        0.0004        0.2150        0.7219        0.1552      -98.9795      -98.9795
   274        0.0069        0.2150        0.7219        0.1552      -98.9795      -98.9795
   275        0.0040        0.2150        0.7219        0.1552      -98.9795      -98.9795
   276        0.0038        0.2150        0.7219        0.1552      -98.9795      -98.9795
   277        0.0134        0.2150        0.7219        0.1552      -34.9039      -56.4717
   278        0.0017        0.2150        0.7219        0.1552      -98.9795      -98.9795
   279        0.0027        0.2150        0.7219        0.1552      -98.9795      -98.9795
   280        0.0118        0.2150        0.7219        0.1552      -64.6483      -98.9795
   281        0.0073        0.2150        0.7219        0.1552      -98.9795      -98.9795
   282        0.0157        0.2150        0.7226        0.1554      -22.5532      -26.8046
   283        0.0069        0.2150        0.7226        0.1554      -98.9795      -98.9795
   284        0.0014        0.2150        0.7226        0.1554      -98.9795      -98.9795
   285        0.0010        0.2150        0.7226        0.1554      -98.9795      -98.9795
   286        0.0018        0.2150        0.7226        0.1554      -98.9795      -98.9795
   287        0.0044        0.2150        0.7226        0.1554      -98.9795      -98.9795
   288        0.0134        0.2150        0.7226        0.1554      -35.2482      -57.5973
   289        0.0034        0.2150        0.7226        0.1554      -98.9795      -98.9795
   290        0.0307        0.2150        0.7309        0.1571      -10.1306       -8.9943
   291        0.0158        0.2150        0.7316        0.1573      -23.9501      -29.3705
   292        0.0003        0.2150        0.7316        0.1573      -98.9795      -98.9795
   293        0.0011        0.2150        0.7316        0.1573      -98.9795      -98.9795
   294        0.0001        0.2150        0.7316        0.1573      -98.9795      -98.9795
   295        0.0001        0.2150        0.7316        0.1573      -98.9795      -98.9795
   296        0.0530        0.2150        0.7564        0.1626       -8.3507       -6.6121
   297        0.0070        0.2150        0.7564        0.1626      -98.9795      -98.9795
   298        0.0004        0.2150        0.7564        0.1626      -98.9795      -98.9795
   299        0.0098        0.2150        0.7564        0.1626      -98.9795      -98.9795
   300        0.0124        0.2150        0.7564        0.1626      -98.9795      -98.9795
   301        0.0001        0.2150        0.7564        0.1626      -98.9795      -98.9795
   302        0.0002        0.2150        0.7564        0.1626      -98.9795      -98.9795
   303        0.0109        0.2150        0.7564        0.1626      -98.9795      -98.9795
   304        0.0044        0.2150        0.7564        0.1626      -98.9795      -98.9795
   305        0.0013        0.2150        0.7564        0.1626      -98.9795      -98.9795
   306        0.0033        0.2150        0.7564        0.1626      -98.9795      -98.9795
   307        0.0002        0.2150        0.7564        0.1626      -98.9795      -98.9795
   308        0.0005        0.2150        0.7564        0.1626      -98.9795      -98.9795
   309        0.0221        0.2150        0.7593        0.1633      -15.5276      -15.8475
   310        0.0072        0.2150        0.7593        0.1633      -98.9795      -98.9795
   311        0.0038        0.2150        0.7593        0.1633      -98.9795      -98.9795
   312        0.0184        0.2150        0.7608        0.1636      -21.4463      -24.8748
   313        0.0045        0.2150        0.7608        0.1636      -98.9795      -98.9795
   314        0.0094        0.2150        0.7608        0.1636      -98.9795      -98.9795
   315        0.0013        0.2150        0.7608        0.1636      -98.9795      -98.9795
   316        0.0007        0.2150        0.7608        0.1636      -98.9795      -98.9795
   317        0.0060        0.2150        0.7608        0.1636      -98.9795      -98.9795
   318        0.0056        0.2150        0.7608        0.1636      -98.9795      -98.9795
   319        0.0065        0.2150        0.7608        0.1636      -98.9795      -98.9795
   320        0.0052        0.2150        0.7608        0.1636      -98.9795      -98.9795
   321        0.0019        0.2150        0.7608        0.1636      -98.9795      -98.9795
   322        0.0008        0.2150        0.7608        0.1636      -98.9795      -98.9795
   323        0.0109        0.2150        0.7608        0.1636      -98.9795      -98.9795
   324        0.0164        0.2150        0.7615        0.1637      -28.6558      -39.2707
   325        0.0024        0.2150        0.7615        0.1637      -98.9795      -98.9795
   326        0.0006        0.2150        0.7615        0.1637      -98.9795      -98.9795
   327        0.0003        0.2150        0.7615        0.1637      -98.9795      -98.9795
   328        0.0012        0.2150        0.7615        0.1637      -98.9795      -98.9795
   329        0.0100        0.2150        0.7615        0.1637      -98.9795      -98.9795
   330        0.0017        0.2150        0.7615        0.1637      -98.9795      -98.9795
   331        0.0033        0.2150        0.7615        0.1637      -98.9795      -98.9795
   332        0.0014        0.2150        0.7615        0.1637      -98.9795      -98.9795
   333        0.0009        0.2150        0.7615        0.1637      -98.9795      -98.9795
   334        0.0063        0.2150        0.7615        0.1637      -98.9795      -98.9795
   335        0.0092        0.2150        0.7615        0.1637      -98.9795      -98.9795
   336        0.0018        0.2150        0.7615        0.1637      -98.9795      -98.9795
   337        0.0007        0.2150        0.7615        0.1637      -98.9795      -98.9795
   338        0.0253        0.2150        0.7657        0.1646      -13.4424      -13.0881
   339        0.0014        0.2150        0.7657        0.1646      -98.9795      -98.9795
   340        0.0014        0.2150        0.7657        0.1646      -98.9795      -98.9795
   341        0.0022        0.2150        0.7657        0.1646      -98.9795      -98.9795
   342        0.0022        0.2150        0.7657        0.1646      -98.9795      -98.9795
   343        0.0004        0.2150        0.7657        0.1646      -98.9795      -98.9795
   344        0.0068        0.2150        0.7657        0.1646      -98.9795      -98.9795
   345        0.0185        0.2150        0.7672        0.1649      -22.2225      -26.2188
   346        0.0174        0.2150        0.7682        0.1652      -25.9401      -33.3020
   347        0.0002        0.2150        0.7682        0.1652      -98.9795      -98.9795
   348        0.0066        0.2150        0.7682        0.1652      -98.9795      -98.9795
   349        0.0218        0.2150        0.7709        0.1657      -16.8028      -17.6305
   350        0.0106        0.2150        0.7709        0.1657      -98.9795      -98.9795
   351        0.0215        0.2150        0.7734        0.1663      -17.4190      -18.5211
   352        0.0082        0.2150        0.7734        0.1663      -98.9795      -98.9795
   353        0.0042        0.2150        0.7734        0.1663      -98.9795      -98.9795
   354        0.0034        0.2150        0.7734        0.1663      -98.9795      -98.9795
   355        0.0117        0.2150        0.7734        0.1663      -98.9795      -98.9795
   356        0.0120        0.2150        0.7734        0.1663      -98.9795      -98.9795
   357        0.0025        0.2150        0.7734        0.1663      -98.9795      -98.9795
   358        0.0206        0.2150        0.7756        0.1668      -18.9912      -20.8860
   359        0.0112        0.2150        0.7756        0.1668      -98.9795      -98.9795
   360        0.0018        0.2150        0.7756        0.1668      -98.9795      -98.9795
   361        0.0037        0.2150        0.7756        0.1668      -98.9795      -98.9795
   362        0.0005        0.2150        0.7756        0.1668      -98.9795      -98.9795
   363        0.0009        0.2150        0.7756        0.1668      -98.9795      -98.9795
   364        0.0027        0.2150        0.7756        0.1668      -98.9795      -98.9795
   365        0.0039        0.2150        0.7756        0.1668      -98.9795      -98.9795
   366        0.0072        0.2150        0.7756        0.1668      -98.9795      -98.9795
   367        0.0229        0.2150        0.7787        0.1674      -16.2269      -16.8155
   368        0.0050        0.2150        0.7787        0.1674      -98.9795      -98.9795
   369        0.0046        0.2150        0.7787        0.1674      -98.9795      -98.9795
   370        0.0001        0.2150        0.7787        0.1674      -98.9795      -98.9795
   371        0.0003        0.2150        0.7787        0.1674      -98.9795      -98.9795
   372        0.0139        0.2150        0.7787        0.1674      -87.5304      -98.9795
   373        0.0243        0.2150        0.7823        0.1682      -15.1691      -15.3600
   374        0.0067        0.2150        0.7823        0.1682      -98.9795      -98.9795
   375        0.0028        0.2150        0.7823        0.1682      -98.9795      -98.9795
   376        0.0011        0.2150        0.7823        0.1682      -98.9795      -98.9795
   377        0.0007        0.2150        0.7823        0.1682      -98.9795      -98.9795
   378        0.0007        0.2150        0.7823        0.1682      -98.9795      -98.9795
   379        0.0019        0.2150        0.7823        0.1682      -98.9795      -98.9795
   380        0.0018        0.2150        0.7823        0.1682      -98.9795      -98.9795
   381        0.0005        0.2150        0.7823        0.1682      -98.9795      -98.9795
   382        0.0184        0.2150        0.7836        0.1685      -25.6949      -32.7989
   383        0.0014        0.2150        0.7836        0.1685      -98.9795      -98.9795
   384        0.0023        0.2150        0.7836        0.1685      -98.9795      -98.9795
   385        0.0071        0.2150        0.7836        0.1685      -98.9795      -98.9795
   386        0.0014        0.2150        0.7836        0.1685      -98.9795      -98.9795
   387        0.0023        0.2150        0.7836        0.1685      -98.9795      -98.9795
   388        0.0042        0.2150        0.7836        0.1685      -98.9795      -98.9795
   389        0.0185        0.2150        0.7849        0.1687      -25.6212      -32.6486
   390        0.0035        0.2150        0.7849        0.1687      -98.9795      -98.9795
   391        0.0033        0.2150        0.7849        0.1687      -98.9795      -98.9795
   392        0.0025        0.2150        0.7849        0.1687      -98.9795      -98.9795
   393        0.0175        0.2150        0.7858        0.1689      -30.2314      -43.1026
   394        0.0006        0.2150        0.7858        0.1689      -98.9795      -98.9795
   395        0.0017        0.2150        0.7858        0.1689      -98.9795      -98.9795
   396        0.0141        0.2150        0.7858        0.1689      -96.4154      -98.9795
   397        0.0010        0.2150        0.7858        0.1689      -98.9795      -98.9795
   398        0.0073        0.2150        0.7858        0.1689      -98.9795      -98.9795
   399        0.0005        0.2150        0.7858        0.1689      -98.9795      -98.9795
   400        0.0092        0.2150        0.7858        0.1689      -98.9795      -98.9795
   401        0.0071        0.2150        0.7858        0.1689      -98.9795      -98.9795
   402        0.0036        0.2150        0.7858        0.1689      -98.9795      -98.9795
   403        0.0245        0.2150        0.7894        0.1697      -15.4971      -15.8057
   404        0.0091        0.2150        0.7894        0.1697      -98.9795      -98.9795
   405        0.0026        0.2150        0.7894        0.1697      -98.9795      -98.9795
   406        0.0338        0.2150        0.7975        0.1715      -11.1939      -10.2856
   407        0.0083        0.2150        0.7975        0.1715      -98.9795      -98.9795
   408        0.0118        0.2150        0.7975        0.1715      -98.9795      -98.9795
   409        0.0077        0.2150        0.7975        0.1715      -98.9795      -98.9795
   410        0.0109        0.2150        0.7975        0.1715      -98.9795      -98.9795
   411        0.0075        0.2150        0.7975        0.1715      -98.9795      -98.9795
   412        0.0008        0.2150        0.7975        0.1715      -98.9795      -98.9795
   413        0.0019        0.2150        0.7975        0.1715      -98.9795      -98.9795
   414        0.0107        0.2150        0.7975        0.1715      -98.9795      -98.9795
   415        0.0139        0.2150        0.7975        0.1715      -98.9795      -98.9795
   416        0.0034        0.2150        0.7975        0.1715      -98.9795      -98.9795
   417        0.0140        0.2150        0.7975        0.1715      -98.9795      -98.9795
   418        0.0080        0.2150        0.7975        0.1715      -98.9795      -98.9795
   419        0.0029        0.2150        0.7975        0.1715      -98.9795      -98.9795
   420        0.0010        0.2150        0.7975        0.1715      -98.9795      -98.9795
   421        0.0029        0.2150        0.7975        0.1715      -98.9795      -98.9795
   422        0.0162        0.2150        0.7979        0.1715      -47.9734      -98.9795
   423        0.0006        0.2150        0.7979        0.1715      -98.9795      -98.9795
   424        0.0140        0.2150        0.7979        0.1715      -98.9795      -98.9795
   425        0.0022        0.2150        0.7979        0.1715      -98.9795      -98.9795
   426        0.0035        0.2150        0.7979        0.1715      -98.9795      -98.9795
   427        0.0001        0.2150        0.7979        0.1715      -98.9795      -98.9795
   428        0.0025        0.2150        0.7979        0.1715      -98.9795      -98.9795
   429        0.0114        0.2150        0.7979        0.1715      -98.9795      -98.9795
   430        0.0036        0.2150        0.7979        0.1715      -98.9795      -98.9795
   431        0.0001        0.2150        0.7979        0.1715      -98.9795      -98.9795
   432        0.0041        0.2150        0.7979        0.1715      -98.9795      -98.9795
   433        0.0010        0.2150        0.7979        0.1715      -98.9795      -98.9795
   434        0.0012        0.2150        0.7979        0.1715      -98.9795      -98.9795
   435        0.0086        0.2150        0.7979        0.1715      -98.9795      -98.9795
   436        0.0077        0.2150        0.7979        0.1715      -98.9795      -98.9795
   437        0.0014        0.2150        0.7979        0.1715      -98.9795      -98.9795
   438        0.0152        0.2150        0.7979        0.1716      -71.3004      -98.9795
   439        0.0263        0.2150        0.8022        0.1725      -14.8963      -14.9928
   440        0.0010        0.2150        0.8022        0.1725      -98.9795      -98.9795
   441        0.0158        0.2150        0.8024        0.1725      -60.2935      -98.9795
   442        0.0076        0.2150        0.8024        0.1725      -98.9795      -98.9795
   443        0.0050        0.2150        0.8024        0.1725      -98.9795      -98.9795
   444        0.0042        0.2150        0.8024        0.1725      -98.9795      -98.9795
   445        0.0018        0.2150        0.8024        0.1725      -98.9795      -98.9795
   446        0.0039        0.2150        0.8024        0.1725      -98.9795      -98.9795
   447        0.0101        0.2150        0.8024        0.1725      -98.9795      -98.9795
   448        0.0004        0.2150        0.8024        0.1725      -98.9795      -98.9795
   449        0.0184        0.2150        0.8035        0.1728      -31.0721      -45.2735
   450        0.0392        0.2150        0.8145        0.1751      -10.3900       -9.3093
   451        0.0009        0.2150        0.8145        0.1751      -98.9795      -98.9795
   452        0.0009        0.2150        0.8145        0.1751      -98.9795      -98.9795
   453        0.0066        0.2150        0.8145        0.1751      -98.9795      -98.9795
   454        0.0138        0.2150        0.8145        0.1751      -98.9795      -98.9795
   455        0.0028        0.2150        0.8145        0.1751      -98.9795      -98.9795
   456        0.0001        0.2150        0.8145        0.1751      -98.9795      -98.9795
   457        0.0029        0.2150        0.8145        0.1751      -98.9795      -98.9795
   458        0.0006        0.2150        0.8145        0.1751      -98.9795      -98.9795
   459        0.0011        0.2150        0.8145        0.1751      -98.9795      -98.9795
   460        0.0043        0.2150        0.8145        0.1751      -98.9795      -98.9795
   461        0.0009        0.2150        0.8145        0.1751      -98.9795      -98.9795
   462        0.0049        0.2150        0.8145        0.1751      -98.9795      -98.9795
   463        0.0007        0.2150        0.8145        0.1751      -98.9795      -98.9795
   464        0.0004        0.2150        0.8145        0.1751      -98.9795      -98.9795
   465        0.0196        0.2150        0.8159        0.1754      -28.9582      -39.9835
   466        0.0002        0.2150        0.8159        0.1754      -98.9795      -98.9795
   467        0.0004        0.2150        0.8159        0.1754      -98.9795      -98.9795
   468        0.0131        0.2150        0.8159        0.1754      -98.9795      -98.9795
   469        0.0133        0.2150        0.8159        0.1754      -98.9795      -98.9795
   470        0.0133        0.2150        0.8159        0.1754      -98.9795      -98.9795
   471        0.0014        0.2150        0.8159        0.1754      -98.9795      -98.9795
   472        0.0026        0.2150        0.8159        0.1754      -98.9795      -98.9795
   473        0.0016        0.2150        0.8159        0.1754      -98.9795      -98.9795
   474        0.0052        0.2150        0.8159        0.1754      -98.9795      -98.9795
   475        0.0038        0.2150        0.8159        0.1754      -98.9795      -98.9795
   476        0.0080        0.2150        0.8159        0.1754      -98.9795      -98.9795
   477        0.0009        0.2150        0.8159        0.1754      -98.9795      -98.9795
   478        0.0044        0.2150        0.8159        0.1754      -98.9795      -98.9795
   479        0.0169        0.2150        0.8164        0.1755      -52.9055      -98.9795
   480        0.0176        0.2150        0.8171        0.1757      -43.5719      -93.6556
   481        0.0171        0.2150        0.8177        0.1758      -50.7343      -98.9795
   482        0.0115        0.2150        0.8177        0.1758      -98.9795      -98.9795
   483        0.0061        0.2150        0.8177        0.1758      -98.9795      -98.9795
   484        0.0101        0.2150        0.8177        0.1758      -98.9795      -98.9795
   485        0.0116        0.2150        0.8177        0.1758      -98.9795      -98.9795
   486        0.0049        0.2150        0.8177        0.1758      -98.9795      -98.9795
   487        0.0023        0.2150        0.8177        0.1758      -98.9795      -98.9795
   488        0.0017        0.2150        0.8177        0.1758      -98.9795      -98.9795
   489        0.0204        0.2150        0.8194        0.1762      -26.6961      -34.8891
   490        0.0064        0.2150        0.8194        0.1762      -98.9795      -98.9795
   491        0.0064        0.2150        0.8194        0.1762      -98.9795      -98.9795
   492        0.0055        0.2150        0.8194        0.1762      -98.9795      -98.9795
   493        0.0002        0.2150        0.8194        0.1762      -98.9795      -98.9795
   494        0.0017        0.2150        0.8194        0.1762      -98.9795      -98.9795
   495        0.0091        0.2150        0.8194        0.1762      -98.9795      -98.9795
   496        0.0017        0.2150        0.8194        0.1762      -98.9795      -98.9795
   497        0.0009        0.2150        0.8194        0.1762      -98.9795      -98.9795
   498        0.0006        0.2150        0.8194        0.1762      -98.9795      -98.9795
   499        0.0022        0.2150        0.8194        0.1762      -98.9795      -98.9795
   500        0.0013        0.2150        0.8194        0.1762      -98.9795      -98.9795
   501        0.0022        0.2150        0.8194        0.1762      -98.9795      -98.9795
   502        0.0094        0.2150        0.8194        0.1762      -98.9795      -98.9795
   503        0.0002        0.2150        0.8194        0.1762      -98.9795      -98.9795
   504        0.0178        0.2150        0.8202        0.1763      -43.2702      -91.9603
   505        0.0070        0.2150        0.8202        0.1763      -98.9795      -98.9795
   506        0.0019        0.2150        0.8202        0.1763      -98.9795      -98.9795
   507        0.0034        0.2150        0.8202        0.1763      -98.9795      -98.9795
   508        0.0087        0.2150        0.8202        0.1763      -98.9795      -98.9795
   509        0.0003        0.2150        0.8202        0.1763      -98.9795      -98.9795
   510        0.0002        0.2150        0.8202        0.1763      -98.9795      -98.9795
   511        0.0022        0.2150        0.8202        0.1763      -98.9795      -98.9795
   512        0.0028        0.2150        0.8202        0.1763      -98.9795      -98.9795
   513        0.0071        0.2150        0.8202        0.1763      -98.9795      -98.9795
   514        0.0097        0.2150        0.8202        0.1763      -98.9795      -98.9795
   515        0.0018        0.2150        0.8202        0.1763      -98.9795      -98.9795
   516        0.0025        0.2150        0.8202        0.1763      -98.9795      -98.9795
   517        0.0014        0.2150        0.8202        0.1763      -98.9795      -98.9795
   518        0.0014        0.2150        0.8202        0.1763      -98.9795      -98.9795
   519        0.0126        0.2150        0.8202        0.1763      -98.9795      -98.9795
   520        0.0055        0.2150        0.8202        0.1763      -98.9795      -98.9795
   521        0.0282        0.2150        0.8250        0.1774      -14.9647      -15.0846
   522        0.0152        0.2150        0.8250        0.1774      -98.9795      -98.9795
   523        0.0173        0.2150        0.8255        0.1775      -54.7315      -98.9795
   524        0.0017        0.2150        0.8255        0.1775      -98.9795      -98.9795
   525        0.0094        0.2150        0.8255        0.1775      -98.9795      -98.9795
   526        0.0148        0.2150        0.8255        0.1775      -98.9795      -98.9795
   527        0.0024        0.2150        0.8255        0.1775      -98.9795      -98.9795
   528        0.0010        0.2150        0.8255        0.1775      -98.9795      -98.9795
   529        0.0029        0.2150        0.8255        0.1775      -98.9795      -98.9795
   530        0.0039        0.2150        0.8255        0.1775      -98.9795      -98.9795
   531        0.0003        0.2150        0.8255        0.1775      -98.9795      -98.9795
   532        0.0012        0.2150        0.8255        0.1775      -98.9795      -98.9795
   533        0.0004        0.2150        0.8255        0.1775      -98.9795      -98.9795
   534        0.0003        0.2150        0.8255        0.1775      -98.9795      -98.9795
   535        0.0119        0.2150        0.8255        0.1775      -98.9795      -98.9795
   536        0.0028        0.2150        0.8255        0.1775      -98.9795      -98.9795
   537        0.0038        0.2150        0.8255        0.1775      -98.9795      -98.9795
   538        0.0011        0.2150        0.8255        0.1775      -98.9795      -98.9795
   539        0.0001        0.2150        0.8255        0.1775      -98.9795      -98.9795
   540        0.0001        0.2150        0.8255        0.1775      -98.9795      -98.9795
   541        0.0063        0.2150        0.8255        0.1775      -98.9795      -98.9795
   542        0.0030        0.2150        0.8255        0.1775      -98.9795      -98.9795
   543        0.0001        0.2150        0.8255        0.1775      -98.9795      -98.9795
   544        0.0117        0.2150        0.8255        0.1775      -98.9795      -98.9795
   545        0.0166        0.2150        0.8259        0.1776      -72.8529      -98.9795
   546        0.0049        0.2150        0.8259        0.1776      -98.9795      -98.9795
   547        0.0008        0.2150        0.8259        0.1776      -98.9795      -98.9795
   548        0.0009        0.2150        0.8259        0.1776      -98.9795      -98.9795
   549        0.0050        0.2150        0.8259        0.1776      -98.9795      -98.9795
   550        0.0064        0.2150        0.8259        0.1776      -98.9795      -98.9795
   551        0.0034        0.2150        0.8259        0.1776      -98.9795      -98.9795
   552        0.0091        0.2150        0.8259        0.1776      -98.9795      -98.9795
   553        0.0038        0.2150        0.8259        0.1776      -98.9795      -98.9795
   554        0.0016        0.2150        0.8259        0.1776      -98.9795      -98.9795
   555        0.0014        0.2150        0.8259        0.1776      -98.9795      -98.9795
   556        0.0015        0.2150        0.8259        0.1776      -98.9795      -98.9795
   557        0.0001        0.2150        0.8259        0.1776      -98.9795      -98.9795
   558        0.0001        0.2150        0.8259        0.1776      -98.9795      -98.9795
   559        0.0174        0.2150        0.8265        0.1777      -53.8681      -98.9795
   560        0.0188        0.2150        0.8281        0.1780      -37.9188      -67.1453
   561        0.0034        0.2150        0.8281        0.1780      -98.9795      -98.9795
   562        0.0032        0.2150        0.8281        0.1780      -98.9795      -98.9795
   563        0.0028        0.2150        0.8281        0.1780      -98.9795      -98.9795
   564        0.0055        0.2150        0.8281        0.1780      -98.9795      -98.9795
   565        0.0152        0.2150        0.8281        0.1780      -98.9795      -98.9795
   566        0.0043        0.2150        0.8281        0.1780      -98.9795      -98.9795
   567        0.0023        0.2150        0.8281        0.1780      -98.9795      -98.9795
   568        0.0048        0.2150        0.8281        0.1780      -98.9795      -98.9795
   569        0.0049        0.2150        0.8281        0.1780      -98.9795      -98.9795
   570        0.0155        0.2150        0.8281        0.1780      -98.9795      -98.9795
   571        0.0035        0.2150        0.8281        0.1780      -98.9795      -98.9795
   572        0.0003        0.2150        0.8281        0.1780      -98.9795      -98.9795
   573        0.0007        0.2150        0.8281        0.1780      -98.9795      -98.9795
   574        0.0034        0.2150        0.8281        0.1780      -98.9795      -98.9795
   575        0.0018        0.2150        0.8281        0.1780      -98.9795      -98.9795
   576        0.0007        0.2150        0.8281        0.1780      -98.9795      -98.9795
   577        0.0005        0.2150        0.8281        0.1780      -98.9795      -98.9795
   578        0.0009        0.2150        0.8281        0.1780      -98.9795      -98.9795
   579        0.0047        0.2150        0.8281        0.1780      -98.9795      -98.9795
   580        0.0002        0.2150        0.8281        0.1780      -98.9795      -98.9795
   581        0.0035        0.2150        0.8281        0.1780      -98.9795      -98.9795
   582        0.0329        0.2150        0.8349        0.1795      -12.8942      -12.3907
   583        0.0029        0.2150        0.8349        0.1795      -98.9795      -98.9795
   584        0.0065        0.2150        0.8349        0.1795      -98.9795      -98.9795
   585        0.0172        0.2150        0.8353        0.1796      -69.8331      -98.9795
   586        0.0158        0.2150        0.8354        0.1796      -98.9795      -98.9795
   587        0.0007        0.2150        0.8354        0.1796      -98.9795      -98.9795
   588        0.0105        0.2150        0.8354        0.1796      -98.9795      -98.9795
   589        0.0120        0.2150        0.8354        0.1796      -98.9795      -98.9795
   590        0.0097        0.2150        0.8354        0.1796      -98.9795      -98.9795
   591        0.0347        0.2150        0.8428        0.1812      -12.5081      -11.9057
   592        0.0033        0.2150        0.8428        0.1812      -98.9795      -98.9795
   593        0.0010        0.2150        0.8428        0.1812      -98.9795      -98.9795
   594        0.0016        0.2150        0.8428        0.1812      -98.9795      -98.9795
   595        0.0155        0.2150        0.8428        0.1812      -98.9795      -98.9795
   596        0.0170        0.2150        0.8431        0.1813      -96.1619      -98.9795
   597        0.0101        0.2150        0.8431        0.1813      -98.9795      -98.9795
   598        0.0067        0.2150        0.8431        0.1813      -98.9795      -98.9795
   599        0.0388        0.2150        0.8525        0.1833      -11.5486      -10.7189
   600        0.0029        0.2150        0.8525        0.1833      -98.9795      -98.9795
   601        0.0028        0.2150        0.8525        0.1833      -98.9795      -98.9795
   602        0.0033        0.2150        0.8525        0.1833      -98.9795      -98.9795
   603        0.0027        0.2150        0.8525        0.1833      -98.9795      -98.9795
   604        0.0065        0.2150        0.8525        0.1833      -98.9795      -98.9795
   605        0.0050        0.2150        0.8525        0.1833      -98.9795      -98.9795
   606        0.0006        0.2150        0.8525        0.1833      -98.9795      -98.9795
   607        0.0029        0.2150        0.8525        0.1833      -98.9795      -98.9795
   608        0.0017        0.2150        0.8525        0.1833      -98.9795      -98.9795
   609        0.0024        0.2150        0.8525        0.1833      -98.9795      -98.9795
   610        0.0001        0.2150        0.8525        0.1833      -98.9795      -98.9795
   611        0.0037        0.2150        0.8525        0.1833      -98.9795      -98.9795
   612        0.0077        0.2150        0.8525        0.1833      -98.9795      -98.9795
   613        0.0026        0.2150        0.8525        0.1833      -98.9795      -98.9795
   614        0.0084        0.2150        0.8525        0.1833      -98.9795      -98.9795
   615        0.0121        0.2150        0.8525        0.1833      -98.9795      -98.9795
   616        0.0118        0.2150        0.8525        0.1833      -98.9795      -98.9795
   617        0.0042        0.2150        0.8525        0.1833      -98.9795      -98.9795
   618        0.0013        0.2150        0.8525        0.1833      -98.9795      -98.9795
   619        0.0060        0.2150        0.8525        0.1833      -98.9795      -98.9795
   620        0.0013        0.2150        0.8525        0.1833      -98.9795      -98.9795
   621        0.0144        0.2150        0.8525        0.1833      -98.9795      -98.9795
   622        0.0116        0.2150        0.8525        0.1833      -98.9795      -98.9795
   623        0.0035        0.2150        0.8525        0.1833      -98.9795      -98.9795
   624        0.0051        0.2150        0.8525        0.1833      -98.9795      -98.9795
   625        0.0013        0.2150        0.8525        0.1833      -98.9795      -98.9795
   626        0.0046        0.2150        0.8525        0.1833      -98.9795      -98.9795
   627        0.0065        0.2150        0.8525        0.1833      -98.9795      -98.9795
   628        0.0082        0.2150        0.8525        0.1833      -98.9795      -98.9795
   629        0.0059        0.2150        0.8525        0.1833      -98.9795      -98.9795
   630        0.0068        0.2150        0.8525        0.1833      -98.9795      -98.9795
   631        0.0051        0.2150        0.8525        0.1833      -98.9795      -98.9795
   632        0.0026        0.2150        0.8525        0.1833      -98.9795      -98.9795
   633        0.0103        0.2150        0.8525        0.1833      -98.9795      -98.9795
   634        0.0039        0.2150        0.8525        0.1833      -98.9795      -98.9795
   635        0.0034        0.2150        0.8525        0.1833      -98.9795      -98.9795
   636        0.0138        0.2150        0.8525        0.1833      -98.9795      -98.9795
   637        0.0067        0.2150        0.8525        0.1833      -98.9795      -98.9795
   638        0.0039        0.2150        0.8525        0.1833      -98.9795      -98.9795
   639        0.0009        0.2150        0.8525        0.1833      -98.9795      -98.9795
   640        0.0010        0.2150        0.8525        0.1833      -98.9795      -98.9795
   641        0.0239        0.2150        0.8552        0.1839      -23.7573      -29.0072
   642        0.0004        0.2150        0.8552        0.1839      -98.9795      -98.9795
   643        0.0045        0.2150        0.8552        0.1839      -98.9795      -98.9795
   644        0.0014        0.2150        0.8552        0.1839      -98.9795      -98.9795
   645        0.0025        0.2150        0.8552        0.1839      -98.9795      -98.9795
   646        0.0011        0.2150        0.8552        0.1839      -98.9795      -98.9795
   647        0.0038        0.2150        0.8552        0.1839      -98.9795      -98.9795
   648        0.0011        0.2150        0.8552        0.1839      -98.9795      -98.9795
   649        0.0039        0.2150        0.8552        0.1839      -98.9795      -98.9795
   650        0.0012        0.2150        0.8552        0.1839      -98.9795      -98.9795
   651        0.0012        0.2150        0.8552        0.1839      -98.9795      -98.9795
   652        0.0007        0.2150        0.8552        0.1839      -98.9795      -98.9795
   653        0.0002        0.2150        0.8552        0.1839      -98.9795      -98.9795
   654        0.0002        0.2150        0.8552        0.1839      -98.9795      -98.9795
   655        0.0044        0.2150        0.8552        0.1839      -98.9795      -98.9795
   656        0.0024        0.2150        0.8552        0.1839      -98.9795      -98.9795
   657        0.0011        0.2150        0.8552        0.1839      -98.9795      -98.9795
   658        0.0010        0.2150        0.8552        0.1839      -98.9795      -98.9795
   659        0.0028        0.2150        0.8552        0.1839      -98.9795      -98.9795
   660        0.0021        0.2150        0.8552        0.1839      -98.9795      -98.9795
   661        0.0032        0.2150        0.8552        0.1839      -98.9795      -98.9795
   662        0.0130        0.2150        0.8552        0.1839      -98.9795      -98.9795
   663        0.0023        0.2150        0.8552        0.1839      -98.9795      -98.9795
   664        0.0020        0.2150        0.8552        0.1839      -98.9795      -98.9795
   665        0.0005        0.2150        0.8552        0.1839      -98.9795      -98.9795
   666        0.0036        0.2150        0.8552        0.1839      -98.9795      -98.9795
   667        0.0054        0.2150        0.8552        0.1839      -98.9795      -98.9795
   668        0.0045        0.2150        0.8552        0.1839      -98.9795      -98.9795
   669        0.0050        0.2150        0.8552        0.1839      -98.9795      -98.9795
   670        0.0001        0.2150        0.8552        0.1839      -98.9795      -98.9795
   671        0.0010        0.2150        0.8552        0.1839      -98.9795      -98.9795
   672        0.0009        0.2150        0.8552        0.1839      -98.9795      -98.9795
   673        0.0020        0.2150        0.8552        0.1839      -98.9795      -98.9795
   674        0.0008        0.2150        0.8552        0.1839      -98.9795      -98.9795
   675        0.0111        0.2150        0.8552        0.1839      -98.9795      -98.9795
   676        0.0004        0.2150        0.8552        0.1839      -98.9795      -98.9795
   677        0.0009        0.2150        0.8552        0.1839      -98.9795      -98.9795
   678        0.0129        0.2150        0.8552        0.1839      -98.9795      -98.9795
   679        0.0059        0.2150        0.8552        0.1839      -98.9795      -98.9795
   680        0.0017        0.2150        0.8552        0.1839      -98.9795      -98.9795
   681        0.0001        0.2150        0.8552        0.1839      -98.9795      -98.9795
   682        0.0169        0.2150        0.8554        0.1839      -98.9795      -98.9795
   683        0.0113        0.2150        0.8554        0.1839      -98.9795      -98.9795
   684        0.0037        0.2150        0.8554        0.1839      -98.9795      -98.9795
   685        0.0065        0.2150        0.8554        0.1839      -98.9795      -98.9795
   686        0.0079        0.2150        0.8554        0.1839      -98.9795      -98.9795
   687        0.0029        0.2150        0.8554        0.1839      -98.9795      -98.9795
   688        0.0018        0.2150        0.8554        0.1839      -98.9795      -98.9795
   689        0.0025        0.2150        0.8554        0.1839      -98.9795      -98.9795
   690        0.0116        0.2150        0.8554        0.1839      -98.9795      -98.9795
   691        0.0067        0.2150        0.8554        0.1839      -98.9795      -98.9795
   692        0.0205        0.2150        0.8568        0.1842      -38.6934      -70.2160
   693        0.0034        0.2150        0.8568        0.1842      -98.9795      -98.9795
   694        0.0003        0.2150        0.8568        0.1842      -98.9795      -98.9795
   695        0.0259        0.2150        0.8603        0.1850      -20.6170      -23.4843
   696        0.0016        0.2150        0.8603        0.1850      -98.9795      -98.9795
   697        0.0059        0.2150        0.8603        0.1850      -98.9795      -98.9795
   698        0.0015        0.2150        0.8603        0.1850      -98.9795      -98.9795
   699        0.0015        0.2150        0.8603        0.1850      -98.9795      -98.9795
   700        0.0070        0.2150        0.8603        0.1850      -98.9795      -98.9795
   701        0.0129        0.2150        0.8603        0.1850      -98.9795      -98.9795
   702        0.0068        0.2150        0.8603        0.1850      -98.9795      -98.9795
   703        0.0015        0.2150        0.8603        0.1850      -98.9795      -98.9795
   704        0.0034        0.2150        0.8603        0.1850      -98.9795      -98.9795
   705        0.0002        0.2150        0.8603        0.1850      -98.9795      -98.9795
   706        0.0170        0.2150        0.8605        0.1850      -98.9795      -98.9795
   707        0.0008        0.2150        0.8605        0.1850      -98.9795      -98.9795
   708        0.0001        0.2150        0.8605        0.1850      -98.9795      -98.9795
   709        0.0077        0.2150        0.8605        0.1850      -98.9795      -98.9795
   710        0.0013        0.2150        0.8605        0.1850      -98.9795      -98.9795
   711        0.0064        0.2150        0.8605        0.1850      -98.9795      -98.9795
   712        0.0041        0.2150        0.8605        0.1850      -98.9795      -98.9795
   713        0.0011        0.2150        0.8605        0.1850      -98.9795      -98.9795
   714        0.0025        0.2150        0.8605        0.1850      -98.9795      -98.9795
   715        0.0114        0.2150        0.8605        0.1850      -98.9795      -98.9795
   716        0.0009        0.2150        0.8605        0.1850      -98.9795      -98.9795
   717        0.0008        0.2150        0.8605        0.1850      -98.9795      -98.9795
   718        0.0025        0.2150        0.8605        0.1850      -98.9795      -98.9795
   719        0.0059        0.2150        0.8605        0.1850      -98.9795      -98.9795
   720        0.0001        0.2150        0.8605        0.1850      -98.9795      -98.9795
   721        0.0020        0.2150        0.8605        0.1850      -98.9795      -98.9795
   722        0.0031        0.2150        0.8605        0.1850      -98.9795      -98.9795
   723        0.0355        0.2150        0.8679        0.1866      -13.2565      -12.8504
   724        0.0015        0.2150        0.8679        0.1866      -98.9795      -98.9795
   725        0.0075        0.2150        0.8679        0.1866      -98.9795      -98.9795
   726        0.0269        0.2150        0.8715        0.1874      -20.4639      -23.2325
   727        0.0018        0.2150        0.8715        0.1874      -98.9795      -98.9795
   728        0.0001        0.2150        0.8715        0.1874      -98.9795      -98.9795
   729        0.0009        0.2150        0.8715        0.1874      -98.9795      -98.9795
   730        0.0516        0.2150        0.8876        0.1908      -10.0077       -8.8447
   731        0.0020        0.2150        0.8876        0.1908      -98.9795      -98.9795
   732        0.0048        0.2150        0.8876        0.1908      -98.9795      -98.9795
   733        0.0020        0.2150        0.8876        0.1908      -98.9795      -98.9795
   734        0.0014        0.2150        0.8876        0.1908      -98.9795      -98.9795
   735        0.0072        0.2150        0.8876        0.1908      -98.9795      -98.9795
   736        0.0117        0.2150        0.8876        0.1908      -98.9795      -98.9795
   737        0.0031        0.2150        0.8876        0.1908      -98.9795      -98.9795
   738        0.0002        0.2150        0.8876        0.1908      -98.9795      -98.9795
   739        0.0002        0.2150        0.8876        0.1908      -98.9795      -98.9795
   740        0.0042        0.2150        0.8876        0.1908      -98.9795      -98.9795
   741        0.0026        0.2150        0.8876        0.1908      -98.9795      -98.9795
   742        0.0007        0.2150        0.8876        0.1908      -98.9795      -98.9795
   743        0.0001        0.2150        0.8876        0.1908      -98.9795      -98.9795
   744        0.0007        0.2150        0.8876        0.1908      -98.9795      -98.9795
   745        0.0057        0.2150        0.8876        0.1908      -98.9795      -98.9795
   746        0.0012        0.2150        0.8876        0.1908      -98.9795      -98.9795
   747        0.0003        0.2150        0.8876        0.1908      -98.9795      -98.9795
   748        0.0069        0.2150        0.8876        0.1908      -98.9795      -98.9795
   749        0.0164        0.2150        0.8876        0.1908      -98.9795      -98.9795
   750        0.0054        0.2150        0.8876        0.1908      -98.9795      -98.9795
   751        0.0015        0.2150        0.8876        0.1908      -98.9795      -98.9795
   752        0.0009        0.2150        0.8876        0.1908      -98.9795      -98.9795
   753        0.0305        0.2150        0.8925        0.1919      -18.1843      -19.6552
   754        0.0033        0.2150        0.8925        0.1919      -98.9795      -98.9795
   755        0.0015        0.2150        0.8925        0.1919      -98.9795      -98.9795
   756        0.0025        0.2150        0.8925        0.1919      -98.9795      -98.9795
   757        0.0005        0.2150        0.8925        0.1919      -98.9795      -98.9795
   758        0.0015        0.2150        0.8925        0.1919      -98.9795      -98.9795
   759        0.0001        0.2150        0.8925        0.1919      -98.9795      -98.9795
   760        0.0003        0.2150        0.8925        0.1919      -98.9795      -98.9795
   761        0.0045        0.2150        0.8925        0.1919      -98.9795      -98.9795
   762        0.0042        0.2150        0.8925        0.1919      -98.9795      -98.9795
   763        0.0100        0.2150        0.8925        0.1919      -98.9795      -98.9795
   764        0.0145        0.2150        0.8925        0.1919      -98.9795      -98.9795
   765        0.0033        0.2150        0.8925        0.1919      -98.9795      -98.9795
   766        0.0066        0.2150        0.8925        0.1919      -98.9795      -98.9795
   767        0.0099        0.2150        0.8925        0.1919      -98.9795      -98.9795
   768        0.0013        0.2150        0.8925        0.1919      -98.9795      -98.9795
   769        0.0006        0.2150        0.8925        0.1919      -98.9795      -98.9795
   770        0.0037        0.2150        0.8925        0.1919      -98.9795      -98.9795
   771        0.0245        0.2150        0.8950        0.1924      -30.8179      -44.6076
   772        0.0050        0.2150        0.8950        0.1924      -98.9795      -98.9795
   773        0.0118        0.2150        0.8950        0.1924      -98.9795      -98.9795
   774        0.0020        0.2150        0.8950        0.1924      -98.9795      -98.9795
   775        0.0018        0.2150        0.8950        0.1924      -98.9795      -98.9795
   776        0.0008        0.2150        0.8950        0.1924      -98.9795      -98.9795
   777        0.0002        0.2150        0.8950        0.1924      -98.9795      -98.9795
   778        0.0003        0.2150        0.8950        0.1924      -98.9795      -98.9795
   779        0.0003        0.2150        0.8950        0.1924      -98.9795      -98.9795
   780        0.0002        0.2150        0.8950        0.1924      -98.9795      -98.9795
   781        0.0045        0.2150        0.8950        0.1924      -98.9795      -98.9795
   782        0.0010        0.2150        0.8950        0.1924      -98.9795      -98.9795
   783        0.0020        0.2150        0.8950        0.1924      -98.9795      -98.9795
   784        0.0005        0.2150        0.8950        0.1924      -98.9795      -98.9795
   785        0.0019        0.2150        0.8950        0.1924      -98.9795      -98.9795
   786        0.0029        0.2150        0.8950        0.1924      -98.9795      -98.9795
   787        0.0187        0.2150        0.8956        0.1925      -98.9795      -98.9795
   788        0.0060        0.2150        0.8956        0.1925      -98.9795      -98.9795
   789        0.0047        0.2150        0.8956        0.1925      -98.9795      -98.9795
   790        0.0014        0.2150        0.8956        0.1925      -98.9795      -98.9795
   791        0.0001        0.2150        0.8956        0.1925      -98.9795      -98.9795
   792        0.0018        0.2150        0.8956        0.1925      -98.9795      -98.9795
   793        0.0033        0.2150        0.8956        0.1925      -98.9795      -98.9795
   794        0.0026        0.2150        0.8956        0.1925      -98.9795      -98.9795
   795        0.0017        0.2150        0.8956        0.1925      -98.9795      -98.9795
   796        0.0029        0.2150        0.8956        0.1925      -98.9795      -98.9795
   797        0.0001        0.2150        0.8956        0.1925      -98.9795      -98.9795
   798        0.0043        0.2150        0.8956        0.1925      -98.9795      -98.9795
   799        0.0039        0.2150        0.8956        0.1925      -98.9795      -98.9795
   800        0.0047        0.2150        0.8956        0.1925      -98.9795      -98.9795
   801        0.0077        0.2150        0.8956        0.1925      -98.9795      -98.9795
   802        0.0045        0.2150        0.8956        0.1925      -98.9795      -98.9795
   803        0.0161        0.2150        0.8956        0.1925      -98.9795      -98.9795
   804        0.0091        0.2150        0.8956        0.1925      -98.9795      -98.9795
   805        0.0019        0.2150        0.8956        0.1925      -98.9795      -98.9795
   806        0.0058        0.2150        0.8956        0.1925      -98.9795      -98.9795
   807        0.0002        0.2150        0.8956        0.1925      -98.9795      -98.9795
   808        0.0001        0.2150        0.8956        0.1925      -98.9795      -98.9795
   809        0.0026        0.2150        0.8956        0.1925      -98.9795      -98.9795
   810        0.0032        0.2150        0.8956        0.1925      -98.9795      -98.9795
   811        0.0143        0.2150        0.8956        0.1925      -98.9795      -98.9795
   812        0.0047        0.2150        0.8956        0.1925      -98.9795      -98.9795
   813        0.0049        0.2150        0.8956        0.1925      -98.9795      -98.9795
   814        0.0216        0.2150        0.8971        0.1929      -53.7964      -98.9795
   815        0.0031        0.2150        0.8971        0.1929      -98.9795      -98.9795
   816        0.0054        0.2150        0.8971        0.1929      -98.9795      -98.9795
   817        0.0029        0.2150        0.8971        0.1929      -98.9795      -98.9795
   818        0.0021        0.2150        0.8971        0.1929      -98.9795      -98.9795
   819        0.0235        0.2150        0.8992        0.1933      -37.2511      -64.6133
   820        0.0208        0.2150        0.9004        0.1936      -74.2183      -98.9795
   821        0.0135        0.2150        0.9004        0.1936      -98.9795      -98.9795
   822        0.0109        0.2150        0.9004        0.1936      -98.9795      -98.9795
   823        0.0449        0.2150        0.9114        0.1959      -11.8479      -11.0866
   824        0.0025        0.2150        0.9114        0.1959      -98.9795      -98.9795
   825        0.0055        0.2150        0.9114        0.1959      -98.9795      -98.9795
   826        0.0031        0.2150        0.9114        0.1959      -98.9795      -98.9795
   827        0.0015        0.2150        0.9114        0.1959      -98.9795      -98.9795
   828        0.0024        0.2150        0.9114        0.1959      -98.9795      -98.9795
   829        0.0046        0.2150        0.9114        0.1959      -98.9795      -98.9795
   830        0.0059        0.2150        0.9114        0.1959      -98.9795      -98.9795
   831        0.0023        0.2150        0.9114        0.1959      -98.9795      -98.9795
   832        0.0054        0.2150        0.9114        0.1959      -98.9795      -98.9795
   833        0.0018        0.2150        0.9114        0.1959      -98.9795      -98.9795
   834        0.0005        0.2150        0.9114        0.1959      -98.9795      -98.9795
   835        0.0002        0.2150        0.9114        0.1959      -98.9795      -98.9795
   836        0.0038        0.2150        0.9114        0.1959      -98.9795      -98.9795
   837        0.0014        0.2150        0.9114        0.1959      -98.9795      -98.9795
   838        0.0074        0.2150        0.9114        0.1959      -98.9795      -98.9795
   839        0.0084        0.2150        0.9114        0.1959      -98.9795      -98.9795
   840        0.0012        0.2150        0.9114        0.1959      -98.9795      -98.9795
   841        0.0001        0.2150        0.9114        0.1959      -98.9795      -98.9795
   842        0.0014        0.2150        0.9114        0.1959      -98.9795      -98.9795
   843        0.0006        0.2150        0.9114        0.1959      -98.9795      -98.9795
   844        0.0039        0.2150        0.9114        0.1959      -98.9795      -98.9795
   845        0.0013        0.2150        0.9114        0.1959      -98.9795      -98.9795
   846        0.0230        0.2150        0.9132        0.1963      -49.3190      -98.9795
   847        0.0024        0.2150        0.9132        0.1963      -98.9795      -98.9795
   848        0.0008        0.2150        0.9132        0.1963      -98.9795      -98.9795
   849        0.0003        0.2150        0.9132        0.1963      -98.9795      -98.9795
   850        0.0034        0.2150        0.9132        0.1963      -98.9795      -98.9795
   851        0.0026        0.2150        0.9132        0.1963      -98.9795      -98.9795
   852        0.0164        0.2150        0.9132        0.1963      -98.9795      -98.9795
   853        0.0058        0.2150        0.9132        0.1963      -98.9795      -98.9795
   854        0.0005        0.2150        0.9132        0.1963      -98.9795      -98.9795
   855        0.0011        0.2150        0.9132        0.1963      -98.9795      -98.9795
   856        0.0027        0.2150        0.9132        0.1963      -98.9795      -98.9795
   857        0.0001        0.2150        0.9132        0.1963      -98.9795      -98.9795
   858        0.0077        0.2150        0.9132        0.1963      -98.9795      -98.9795
   859        0.0047        0.2150        0.9132        0.1963      -98.9795      -98.9795
   860        0.0157        0.2150        0.9132        0.1963      -98.9795      -98.9795
   861        0.0010        0.2150        0.9132        0.1963      -98.9795      -98.9795
   862        0.0099        0.2150        0.9132        0.1963      -98.9795      -98.9795
   863        0.0007        0.2150        0.9132        0.1963      -98.9795      -98.9795
   864        0.0003        0.2150        0.9132        0.1963      -98.9795      -98.9795
   865        0.0006        0.2150        0.9132        0.1963      -98.9795      -98.9795
   866        0.0054        0.2150        0.9132        0.1963      -98.9795      -98.9795
   867        0.0008        0.2150        0.9132        0.1963      -98.9795      -98.9795
   868        0.0007        0.2150        0.9132        0.1963      -98.9795      -98.9795
   869        0.0035        0.2150        0.9132        0.1963      -98.9795      -98.9795
   870        0.0025        0.2150        0.9132        0.1963      -98.9795      -98.9795
   871        0.0004        0.2150        0.9132        0.1963      -98.9795      -98.9795
   872        0.0012        0.2150        0.9132        0.1963      -98.9795      -98.9795
   873        0.0150        0.2150        0.9132        0.1963      -98.9795      -98.9795
   874        0.0006        0.2150        0.9132        0.1963      -98.9795      -98.9795
   875        0.0051        0.2150        0.9132        0.1963      -98.9795      -98.9795
   876        0.0019        0.2150        0.9132        0.1963      -98.9795      -98.9795
   877        0.0004        0.2150        0.9132        0.1963      -98.9795      -98.9795
   878        0.0038        0.2150        0.9132        0.1963      -98.9795      -98.9795
   879        0.0051        0.2150        0.9132        0.1963      -98.9795      -98.9795
   880        0.0026        0.2150        0.9132        0.1963      -98.9795      -98.9795
   881        0.0024        0.2150        0.9132        0.1963      -98.9795      -98.9795
   882        0.0113        0.2150        0.9132        0.1963      -98.9795      -98.9795
   883        0.0134        0.2150        0.9132        0.1963      -98.9795      -98.9795
   884        0.0149        0.2150        0.9132        0.1963      -98.9795      -98.9795
   885        0.0011        0.2150        0.9132        0.1963      -98.9795      -98.9795
   886        0.0028        0.2150        0.9132        0.1963      -98.9795      -98.9795
   887        0.0079        0.2150        0.9132        0.1963      -98.9795      -98.9795
   888        0.0087        0.2150        0.9132        0.1963      -98.9795      -98.9795
   889        0.0030        0.2150        0.9132        0.1963      -98.9795      -98.9795
   890        0.0015        0.2150        0.9132        0.1963      -98.9795      -98.9795
   891        0.0117        0.2150        0.9132        0.1963      -98.9795      -98.9795
   892        0.0039        0.2150        0.9132        0.1963      -98.9795      -98.9795
   893        0.0001        0.2150        0.9132        0.1963      -98.9795      -98.9795
   894        0.0005        0.2150        0.9132        0.1963      -98.9795      -98.9795
   895        0.0030        0.2150        0.9132        0.1963      -98.9795      -98.9795
   896        0.0004        0.2150        0.9132        0.1963      -98.9795      -98.9795
   897        0.0033        0.2150        0.9132        0.1963      -98.9795      -98.9795
   898        0.0002        0.2150        0.9132        0.1963      -98.9795      -98.9795
   899        0.0035        0.2150        0.9132        0.1963      -98.9795      -98.9795
   900        0.0109        0.2150        0.9132        0.1963      -98.9795      -98.9795
   901        0.0037        0.2150        0.9132        0.1963      -98.9795      -98.9795
   902        0.0027        0.2150        0.9132        0.1963      -98.9795      -98.9795
   903        0.0147        0.2150        0.9132        0.1963      -98.9795      -98.9795
   904        0.0324        0.2150        0.9185        0.1975      -18.6668      -20.3867
   905        0.0167        0.2150        0.9185        0.1975      -98.9795      -98.9795
   906        0.0146        0.2150        0.9185        0.1975      -98.9795      -98.9795
   907        0.0008        0.2150        0.9185        0.1975      -98.9795      -98.9795
   908        0.0058        0.2150        0.9185        0.1975      -98.9795      -98.9795
   909        0.0079        0.2150        0.9185        0.1975      -98.9795      -98.9795
   910        0.0017        0.2150        0.9185        0.1975      -98.9795      -98.9795
   911        0.0017        0.2150        0.9185        0.1975      -98.9795      -98.9795
   912        0.0017        0.2150        0.9185        0.1975      -98.9795      -98.9795
   913        0.0024        0.2150        0.9185        0.1975      -98.9795      -98.9795
   914        0.0005        0.2150        0.9185        0.1975      -98.9795      -98.9795
   915        0.0008        0.2150        0.9185        0.1975      -98.9795      -98.9795
   916        0.0107        0.2150        0.9185        0.1975      -98.9795      -98.9795
   917        0.0036        0.2150        0.9185        0.1975      -98.9795      -98.9795
   918        0.0185        0.2150        0.9188        0.1975      -98.9795      -98.9795
   919        0.0012        0.2150        0.9188        0.1975      -98.9795      -98.9795
   920        0.0041        0.2150        0.9188        0.1975      -98.9795      -98.9795
   921        0.0120        0.2150        0.9188        0.1975      -98.9795      -98.9795
   922        0.0010        0.2150        0.9188        0.1975      -98.9795      -98.9795
   923        0.0013        0.2150        0.9188        0.1975      -98.9795      -98.9795
   924        0.0001        0.2150        0.9188        0.1975      -98.9795      -98.9795
   925        0.0162        0.2150        0.9188        0.1975      -98.9795      -98.9795
   926        0.0009        0.2150        0.9188        0.1975      -98.9795      -98.9795
   927        0.0050        0.2150        0.9188        0.1975      -98.9795      -98.9795
   928        0.0010        0.2150        0.9188        0.1975      -98.9795      -98.9795
   929        0.0029        0.2150        0.9188        0.1975      -98.9795      -98.9795
   930        0.0002        0.2150        0.9188        0.1975      -98.9795      -98.9795
   931        0.0136        0.2150        0.9188        0.1975      -98.9795      -98.9795
   932        0.0029        0.2150        0.9188        0.1975      -98.9795      -98.9795
   933        0.0045        0.2150        0.9188        0.1975      -98.9795      -98.9795
   934        0.0067        0.2150        0.9188        0.1975      -98.9795      -98.9795
   935        0.0025        0.2150        0.9188        0.1975      -98.9795      -98.9795
   936        0.0039        0.2150        0.9188        0.1975      -98.9795      -98.9795
   937        0.0018        0.2150        0.9188        0.1975      -98.9795      -98.9795
   938        0.0007        0.2150        0.9188        0.1975      -98.9795      -98.9795
   939        0.0004        0.2150        0.9188        0.1975      -98.9795      -98.9795
   940        0.0022        0.2150        0.9188        0.1975      -98.9795      -98.9795
   941        0.0003        0.2150        0.9188        0.1975      -98.9795      -98.9795
   942        0.0063        0.2150        0.9188        0.1975      -98.9795      -98.9795
   943        0.0060        0.2150        0.9188        0.1975      -98.9795      -98.9795
   944        0.0170        0.2150        0.9188        0.1975      -98.9795      -98.9795
   945        0.0006        0.2150        0.9188        0.1975      -98.9795      -98.9795
   946        0.0006        0.2150        0.9188        0.1975      -98.9795      -98.9795
   947        0.0107        0.2150        0.9188        0.1975      -98.9795      -98.9795
   948        0.0245        0.2150        0.9211        0.1980      -40.6925      -78.8864
   949        0.0051        0.2150        0.9211        0.1980      -98.9795      -98.9795
   950        0.0130        0.2150        0.9211        0.1980      -98.9795      -98.9795
   951        0.0316        0.2150        0.9260        0.1991      -20.3741      -23.0856
   952        0.0031        0.2150        0.9260        0.1991      -98.9795      -98.9795
   953        0.0101        0.2150        0.9260        0.1991      -98.9795      -98.9795
   954        0.0132        0.2150        0.9260        0.1991      -98.9795      -98.9795
   955        0.0117        0.2150        0.9260        0.1991      -98.9795      -98.9795
   956        0.0001        0.2150        0.9260        0.1991      -98.9795      -98.9795
   957        0.0038        0.2150        0.9260        0.1991      -98.9795      -98.9795
   958        0.0049        0.2150        0.9260        0.1991      -98.9795      -98.9795
  9999        0.0049        0.2150        1.9770        0.3121     -999.0000     -999.0000
 
 
 **ATENCION: The eroded channel has wall erosion (Sidorchuk, 1999)
 -------- Width displayed in the last line (9999) is the top with!
 
