 ******************************************
        Entropy-based Gully erosion        
              model - V 0.2                
                                           
        TUB - Institut fur Okologie        
          UFC - PPGEA - Hidrosed           
                                           
            Pedro Alencar, 2020            
                                           
 ******************************************
  
The number of Manning of the channel is....        0.0400
The declivity of the hillslope is..........        0.1330
The critical shear stress is...............        3.5000
The rill erodibility coefficient is........        0.0080
The soil Bulk density is...................     1700.0000
The porosity of the soil is................        0.3410
The depth of the nonerodible layer is......        0.1030
The soil cohesion is.......................      600.0000
The internal friction angle is.............       24.0000
The threshold for wall erosion is..........        0.0000
The number of rainfall events is...........           601
  
  event   discharge(m3)    depth (m)    width (m)     area (m2)    lambda_wall    lambda_bed
     1        0.0002        0.0685        0.0000        0.0000             -             -
     2        0.0003        0.1030        0.0407        0.0042      -98.9795      -98.9795
     3        0.0002        0.1030        0.0475        0.0049      -11.0770       -6.7176
     4        0.0002        0.1030        0.0529        0.0054       -8.6120       -6.1325
     5        0.0004        0.1030        0.0660        0.0068      -11.0025       -6.6968
     6        0.0001        0.1030        0.0665        0.0069      -21.1338      -24.3454
     7        0.0004        0.1030        0.0757        0.0078       -8.2960       -6.2418
     8        0.0001        0.1030        0.0760        0.0078      -97.6396      -98.9795
     9        0.0001        0.1030        0.0764        0.0079      -98.9795      -98.9795
    10        0.0004        0.1030        0.0835        0.0086       -8.6253       -7.0737
    11        0.0002        0.1030        0.0853        0.0088      -18.7884      -20.5732
    12        0.0001        0.1030        0.0854        0.0088      -98.9795      -98.9795
    13        0.0004        0.1030        0.0912        0.0094       -9.7780       -8.5642
    14        0.0001        0.1030        0.0913        0.0094      -98.9795      -98.9795
    15        0.0002        0.1030        0.0927        0.0095      -32.9685      -50.5286
    16        0.0001        0.1030        0.0928        0.0096      -98.9795      -98.9795
    17        0.0004        0.1030        0.0976        0.0101      -11.3890      -10.5237
    18        0.0005        0.1030        0.1040        0.0107      -10.6369       -9.6087
    19        0.0003        0.1030        0.1065        0.0110      -27.7848      -37.2736
    20        0.0001        0.1030        0.1065        0.0110      -98.9795      -98.9795
    21        0.0003        0.1030        0.1089        0.0112      -33.6849      -52.6552
    22        0.0002        0.1030        0.1098        0.0113      -98.9795      -98.9795
    23        0.0002        0.1030        0.1107        0.0114      -98.9795      -98.9795
    24        0.0001        0.1030        0.1107        0.0114      -98.9795      -98.9795
    25        0.0001        0.1030        0.1107        0.0114      -98.9795      -98.9795
    26        0.0004        0.1030        0.1144        0.0118      -20.9141      -23.9771
    27        0.0003        0.1030        0.1165        0.0120      -98.9795      -98.9795
    28        0.0004        0.1030        0.1198        0.0123      -28.8537      -39.7358
    29        0.0001        0.1030        0.1198        0.0123      -98.9795      -98.9795
    30        0.0006        0.1030        0.1260        0.0130      -15.2556      -15.4770
    31        0.0002        0.1030        0.1265        0.0130      -98.9795      -98.9795
    32        0.0003        0.1030        0.1281        0.0132      -98.9795      -98.9795
    33        0.0001        0.1030        0.1281        0.0132      -98.9795      -98.9795
    34        0.0001        0.1030        0.1281        0.0132      -98.9795      -98.9795
    35        0.0002        0.1030        0.1286        0.0132      -98.9795      -98.9795
    36        0.0001        0.1030        0.1286        0.0132      -98.9795      -98.9795
    37        0.0001        0.1030        0.1286        0.0132      -98.9795      -98.9795
    38        0.0003        0.1030        0.1301        0.0134      -98.9795      -98.9795
    39        0.0001        0.1030        0.1301        0.0134      -98.9795      -98.9795
    40        0.0001        0.1030        0.1301        0.0134      -98.9795      -98.9795
    41        0.0001        0.1030        0.1301        0.0134      -98.9795      -98.9795
    42        0.0001        0.1030        0.1301        0.0134      -98.9795      -98.9795
    43        0.0002        0.1030        0.1306        0.0134      -98.9795      -98.9795
    44        0.0003        0.1030        0.1321        0.0136      -98.9795      -98.9795
    45        0.0001        0.1030        0.1321        0.0136      -98.9795      -98.9795
    46        0.0002        0.1030        0.1325        0.0136      -98.9795      -98.9795
    47        0.0001        0.1030        0.1325        0.0136      -98.9795      -98.9795
    48        0.0002        0.1030        0.1329        0.0137      -98.9795      -98.9795
    49        0.0002        0.1030        0.1333        0.0137      -98.9795      -98.9795
    50        0.0002        0.1030        0.1337        0.0138      -98.9795      -98.9795
    51        0.0003        0.1030        0.1350        0.0139      -98.9795      -98.9795
    52        0.0003        0.1030        0.1364        0.0140      -98.9795      -98.9795
    53        0.0001        0.1030        0.1364        0.0140      -98.9795      -98.9795
    54        0.0002        0.1030        0.1367        0.0141      -98.9795      -98.9795
    55        0.0002        0.1030        0.1371        0.0141      -98.9795      -98.9795
    56        0.0001        0.1030        0.1371        0.0141      -98.9795      -98.9795
    57        0.0001        0.1030        0.1371        0.0141      -98.9795      -98.9795
    58        0.0006        0.1030        0.1421        0.0146      -31.5262      -46.4849
    59        0.0001        0.1030        0.1421        0.0146      -98.9795      -98.9795
    60        0.0001        0.1030        0.1421        0.0146      -98.9795      -98.9795
    61        0.0006        0.1030        0.1469        0.0151      -45.6487      -98.9795
    62        0.0002        0.1030        0.1470        0.0151      -98.9795      -98.9795
    63        0.0001        0.1030        0.1470        0.0151      -98.9795      -98.9795
    64        0.0001        0.1030        0.1470        0.0151      -98.9795      -98.9795
    65        0.0001        0.1030        0.1470        0.0151      -98.9795      -98.9795
    66        0.0002        0.1030        0.1472        0.0152      -98.9795      -98.9795
    67        0.0007        0.1030        0.1530        0.0158      -35.6961      -59.0960
    68        0.0003        0.1030        0.1539        0.0158      -98.9795      -98.9795
    69        0.0009        0.1030        0.1617        0.0167      -24.1739      -29.7959
    70        0.0001        0.1030        0.1617        0.0167      -98.9795      -98.9795
    71        0.0003        0.1030        0.1624        0.0167      -98.9795      -98.9795
    72        0.0001        0.1030        0.1624        0.0167      -98.9795      -98.9795
    73        0.0004        0.1030        0.1640        0.0169      -98.9795      -98.9795
    74        0.0001        0.1030        0.1640        0.0169      -98.9795      -98.9795
    75        0.0002        0.1030        0.1640        0.0169      -98.9795      -98.9795
    76        0.0003        0.1030        0.1647        0.0170      -98.9795      -98.9795
    77        0.0001        0.1030        0.1647        0.0170      -98.9795      -98.9795
    78        0.0002        0.1030        0.1647        0.0170      -98.9795      -98.9795
    79        0.0001        0.1030        0.1647        0.0170      -98.9795      -98.9795
    80        0.0001        0.1030        0.1647        0.0170      -98.9795      -98.9795
    81        0.0001        0.1030        0.1647        0.0170      -98.9795      -98.9795
    82        0.0001        0.1030        0.1647        0.0170      -98.9795      -98.9795
    83        0.0002        0.1030        0.1647        0.0170      -98.9795      -98.9795
    84        0.0002        0.1030        0.1647        0.0170      -98.9795      -98.9795
    85        0.0001        0.1030        0.1647        0.0170      -98.9795      -98.9795
    86        0.0003        0.1030        0.1653        0.0170      -98.9795      -98.9795
    87        0.0001        0.1030        0.1653        0.0170      -98.9795      -98.9795
    88        0.0002        0.1030        0.1653        0.0170      -98.9795      -98.9795
    89        0.0001        0.1030        0.1653        0.0170      -98.9795      -98.9795
    90        0.0003        0.1030        0.1660        0.0171      -98.9795      -98.9795
    91        0.0001        0.1030        0.1660        0.0171      -98.9795      -98.9795
    92        0.0001        0.1030        0.1660        0.0171      -98.9795      -98.9795
    93        0.0001        0.1030        0.1660        0.0171      -98.9795      -98.9795
    94        0.0005        0.1030        0.1684        0.0173      -98.9795      -98.9795
    95        0.0009        0.1030        0.1753        0.0181      -59.1389      -98.9795
    96        0.0001        0.1030        0.1753        0.0181      -98.9795      -98.9795
    97        0.0002        0.1030        0.1753        0.0181      -98.9795      -98.9795
    98        0.0005        0.1030        0.1774        0.0183      -98.9795      -98.9795
    99        0.0001        0.1030        0.1774        0.0183      -98.9795      -98.9795
   100        0.0009        0.1030        0.1837        0.0189      -98.9795      -98.9795
   101        0.0008        0.1030        0.1885        0.0194      -98.9795      -98.9795
   102        0.0005        0.1030        0.1902        0.0196      -98.9795      -98.9795
   103        0.0001        0.1030        0.1902        0.0196      -98.9795      -98.9795
   104        0.0002        0.1030        0.1902        0.0196      -98.9795      -98.9795
   105        0.0006        0.1030        0.1927        0.0198      -98.9795      -98.9795
   106        0.0002        0.1030        0.1927        0.0198      -98.9795      -98.9795
   107        0.0003        0.1030        0.1930        0.0199      -98.9795      -98.9795
   108        0.0002        0.1030        0.1930        0.0199      -98.9795      -98.9795
   109        0.0003        0.1030        0.1932        0.0199      -98.9795      -98.9795
   110        0.0003        0.1030        0.1935        0.0199      -98.9795      -98.9795
   111        0.0004        0.1030        0.1944        0.0200      -98.9795      -98.9795
   112        0.0001        0.1030        0.1944        0.0200      -98.9795      -98.9795
   113        0.0006        0.1030        0.1967        0.0203      -98.9795      -98.9795
   114        0.0001        0.1030        0.1967        0.0203      -98.9795      -98.9795
   115        0.0001        0.1030        0.1967        0.0203      -98.9795      -98.9795
   116        0.0001        0.1030        0.1967        0.0203      -98.9795      -98.9795
   117        0.0001        0.1030        0.1967        0.0203      -98.9795      -98.9795
   118        0.0001        0.1030        0.1967        0.0203      -98.9795      -98.9795
   119        0.0003        0.1030        0.1970        0.0203      -98.9795      -98.9795
   120        0.0001        0.1030        0.1970        0.0203      -98.9795      -98.9795
   121        0.0008        0.1030        0.2011        0.0207      -98.9795      -98.9795
   122        0.0001        0.1030        0.2011        0.0207      -98.9795      -98.9795
   123        0.0010        0.1030        0.2069        0.0213      -98.9795      -98.9795
   124        0.0002        0.1030        0.2069        0.0213      -98.9795      -98.9795
   125        0.0002        0.1030        0.2069        0.0213      -98.9795      -98.9795
   126        0.0001        0.1030        0.2069        0.0213      -98.9795      -98.9795
   127        0.0001        0.1030        0.2069        0.0213      -98.9795      -98.9795
   128        0.0001        0.1030        0.2069        0.0213      -98.9795      -98.9795
   129        0.0001        0.1030        0.2069        0.0213      -98.9795      -98.9795
   130        0.0006        0.1030        0.2089        0.0215      -98.9795      -98.9795
   131        0.0004        0.1030        0.2095        0.0216      -98.9795      -98.9795
   132        0.0001        0.1030        0.2095        0.0216      -98.9795      -98.9795
   133        0.0001        0.1030        0.2095        0.0216      -98.9795      -98.9795
   134        0.0005        0.1030        0.2108        0.0217      -98.9795      -98.9795
   135        0.0003        0.1030        0.2109        0.0217      -98.9795      -98.9795
   136        0.0001        0.1030        0.2109        0.0217      -98.9795      -98.9795
   137        0.0003        0.1030        0.2109        0.0217      -98.9795      -98.9795
   138        0.0001        0.1030        0.2109        0.0217      -98.9795      -98.9795
   139        0.0001        0.1030        0.2109        0.0217      -98.9795      -98.9795
   140        0.0001        0.1030        0.2109        0.0217      -98.9795      -98.9795
   141        0.0001        0.1030        0.2109        0.0217      -98.9795      -98.9795
   142        0.0001        0.1030        0.2109        0.0217      -98.9795      -98.9795
   143        0.0001        0.1030        0.2109        0.0217      -98.9795      -98.9795
   144        0.0006        0.1030        0.2128        0.0219      -98.9795      -98.9795
   145        0.0001        0.1030        0.2128        0.0219      -98.9795      -98.9795
   146        0.0002        0.1030        0.2128        0.0219      -98.9795      -98.9795
   147        0.0001        0.1030        0.2128        0.0219      -98.9795      -98.9795
   148        0.0007        0.1030        0.2155        0.0222      -98.9795      -98.9795
   149        0.0001        0.1030        0.2155        0.0222      -98.9795      -98.9795
   150        0.0008        0.1030        0.2188        0.0225      -98.9795      -98.9795
   151        0.0002        0.1030        0.2188        0.0225      -98.9795      -98.9795
   152        0.0001        0.1030        0.2188        0.0225      -98.9795      -98.9795
   153        0.0003        0.1030        0.2188        0.0225      -98.9795      -98.9795
   154        0.0001        0.1030        0.2188        0.0225      -98.9795      -98.9795
   155        0.0002        0.1030        0.2188        0.0225      -98.9795      -98.9795
   156        0.0001        0.1030        0.2188        0.0225      -98.9795      -98.9795
   157        0.0001        0.1030        0.2188        0.0225      -98.9795      -98.9795
   158        0.0001        0.1030        0.2188        0.0225      -98.9795      -98.9795
   159        0.0001        0.1030        0.2188        0.0225      -98.9795      -98.9795
   160        0.0011        0.1030        0.2246        0.0231      -98.9795      -98.9795
   161        0.0009        0.1030        0.2284        0.0235      -98.9795      -98.9795
   162        0.0007        0.1030        0.2306        0.0237      -98.9795      -98.9795
   163        0.0001        0.1030        0.2306        0.0237      -98.9795      -98.9795
   164        0.0001        0.1030        0.2306        0.0237      -98.9795      -98.9795
   165        0.0001        0.1030        0.2306        0.0237      -98.9795      -98.9795
   166        0.0001        0.1030        0.2306        0.0237      -98.9795      -98.9795
   167        0.0002        0.1030        0.2306        0.0237      -98.9795      -98.9795
   168        0.0001        0.1030        0.2306        0.0237      -98.9795      -98.9795
   169        0.0002        0.1030        0.2306        0.0237      -98.9795      -98.9795
   170        0.0001        0.1030        0.2306        0.0237      -98.9795      -98.9795
   171        0.0001        0.1030        0.2306        0.0237      -98.9795      -98.9795
   172        0.0003        0.1030        0.2306        0.0237      -98.9795      -98.9795
   173        0.0001        0.1030        0.2306        0.0237      -98.9795      -98.9795
   174        0.0003        0.1030        0.2306        0.0237      -98.9795      -98.9795
   175        0.0002        0.1030        0.2306        0.0237      -98.9795      -98.9795
   176        0.0004        0.1030        0.2309        0.0238      -98.9795      -98.9795
   177        0.0002        0.1030        0.2309        0.0238      -98.9795      -98.9795
   178        0.0001        0.1030        0.2309        0.0238      -98.9795      -98.9795
   179        0.0003        0.1030        0.2309        0.0238      -98.9795      -98.9795
   180        0.0001        0.1030        0.2309        0.0238      -98.9795      -98.9795
   181        0.0007        0.1030        0.2330        0.0240      -98.9795      -98.9795
   182        0.0004        0.1030        0.2333        0.0240      -98.9795      -98.9795
   183        0.0013        0.1030        0.2401        0.0247      -98.9795      -98.9795
   184        0.0002        0.1030        0.2401        0.0247      -98.9795      -98.9795
   185        0.0002        0.1030        0.2401        0.0247      -98.9795      -98.9795
   186        0.0003        0.1030        0.2401        0.0247      -98.9795      -98.9795
   187        0.0003        0.1030        0.2401        0.0247      -98.9795      -98.9795
   188        0.0001        0.1030        0.2401        0.0247      -98.9795      -98.9795
   189        0.0001        0.1030        0.2401        0.0247      -98.9795      -98.9795
   190        0.0005        0.1030        0.2408        0.0248      -98.9795      -98.9795
   191        0.0002        0.1030        0.2408        0.0248      -98.9795      -98.9795
   192        0.0001        0.1030        0.2408        0.0248      -98.9795      -98.9795
   193        0.0004        0.1030        0.2411        0.0248      -98.9795      -98.9795
   194        0.0001        0.1030        0.2411        0.0248      -98.9795      -98.9795
   195        0.0002        0.1030        0.2411        0.0248      -98.9795      -98.9795
   196        0.0001        0.1030        0.2411        0.0248      -98.9795      -98.9795
   197        0.0001        0.1030        0.2411        0.0248      -98.9795      -98.9795
   198        0.0002        0.1030        0.2411        0.0248      -98.9795      -98.9795
   199        0.0001        0.1030        0.2411        0.0248      -98.9795      -98.9795
   200        0.0003        0.1030        0.2411        0.0248      -98.9795      -98.9795
   201        0.0004        0.1030        0.2413        0.0249      -98.9795      -98.9795
   202        0.0001        0.1030        0.2413        0.0249      -98.9795      -98.9795
   203        0.0002        0.1030        0.2413        0.0249      -98.9795      -98.9795
   204        0.0001        0.1030        0.2413        0.0249      -98.9795      -98.9795
   205        0.0002        0.1030        0.2413        0.0249      -98.9795      -98.9795
   206        0.0002        0.1030        0.2413        0.0249      -98.9795      -98.9795
   207        0.0006        0.1030        0.2426        0.0250      -98.9795      -98.9795
   208        0.0001        0.1030        0.2426        0.0250      -98.9795      -98.9795
   209        0.0001        0.1030        0.2426        0.0250      -98.9795      -98.9795
   210        0.0002        0.1030        0.2426        0.0250      -98.9795      -98.9795
   211        0.0005        0.1030        0.2432        0.0251      -98.9795      -98.9795
   212        0.0004        0.1030        0.2435        0.0251      -98.9795      -98.9795
   213        0.0002        0.1030        0.2435        0.0251      -98.9795      -98.9795
   214        0.0005        0.1030        0.2441        0.0251      -98.9795      -98.9795
   215        0.0003        0.1030        0.2441        0.0251      -98.9795      -98.9795
   216        0.0005        0.1030        0.2448        0.0252      -98.9795      -98.9795
   217        0.0002        0.1030        0.2448        0.0252      -98.9795      -98.9795
   218        0.0001        0.1030        0.2448        0.0252      -98.9795      -98.9795
   219        0.0001        0.1030        0.2448        0.0252      -98.9795      -98.9795
   220        0.0003        0.1030        0.2448        0.0252      -98.9795      -98.9795
   221        0.0003        0.1030        0.2448        0.0252      -98.9795      -98.9795
   222        0.0001        0.1030        0.2448        0.0252      -98.9795      -98.9795
   223        0.0005        0.1030        0.2455        0.0253      -98.9795      -98.9795
   224        0.0003        0.1030        0.2455        0.0253      -98.9795      -98.9795
   225        0.0001        0.1030        0.2455        0.0253      -98.9795      -98.9795
   226        0.0001        0.1030        0.2455        0.0253      -98.9795      -98.9795
   227        0.0001        0.1030        0.2455        0.0253      -98.9795      -98.9795
   228        0.0002        0.1030        0.2455        0.0253      -98.9795      -98.9795
   229        0.0006        0.1030        0.2466        0.0254      -98.9795      -98.9795
   230        0.0001        0.1030        0.2466        0.0254      -98.9795      -98.9795
   231        0.0001        0.1030        0.2466        0.0254      -98.9795      -98.9795
   232        0.0003        0.1030        0.2466        0.0254      -98.9795      -98.9795
   233        0.0006        0.1030        0.2478        0.0255      -98.9795      -98.9795
   234        0.0002        0.1030        0.2478        0.0255      -98.9795      -98.9795
   235        0.0001        0.1030        0.2478        0.0255      -98.9795      -98.9795
   236        0.0004        0.1030        0.2479        0.0255      -98.9795      -98.9795
   237        0.0001        0.1030        0.2479        0.0255      -98.9795      -98.9795
   238        0.0002        0.1030        0.2479        0.0255      -98.9795      -98.9795
   239        0.0001        0.1030        0.2479        0.0255      -98.9795      -98.9795
   240        0.0001        0.1030        0.2479        0.0255      -98.9795      -98.9795
   241        0.0005        0.1030        0.2485        0.0256      -98.9795      -98.9795
   242        0.0001        0.1030        0.2485        0.0256      -98.9795      -98.9795
   243        0.0001        0.1030        0.2485        0.0256      -98.9795      -98.9795
   244        0.0001        0.1030        0.2485        0.0256      -98.9795      -98.9795
   245        0.0004        0.1030        0.2487        0.0256      -98.9795      -98.9795
   246        0.0003        0.1030        0.2487        0.0256      -98.9795      -98.9795
   247        0.0002        0.1030        0.2487        0.0256      -98.9795      -98.9795
   248        0.0002        0.1030        0.2487        0.0256      -98.9795      -98.9795
   249        0.0002        0.1030        0.2487        0.0256      -98.9795      -98.9795
   250        0.0001        0.1030        0.2487        0.0256      -98.9795      -98.9795
   251        0.0006        0.1030        0.2498        0.0257      -98.9795      -98.9795
   252        0.0002        0.1030        0.2498        0.0257      -98.9795      -98.9795
   253        0.0001        0.1030        0.2498        0.0257      -98.9795      -98.9795
   254        0.0008        0.1030        0.2521        0.0260      -98.9795      -98.9795
   255        0.0002        0.1030        0.2521        0.0260      -98.9795      -98.9795
   256        0.0003        0.1030        0.2521        0.0260      -98.9795      -98.9795
   257        0.0002        0.1030        0.2521        0.0260      -98.9795      -98.9795
   258        0.0003        0.1030        0.2521        0.0260      -98.9795      -98.9795
   259        0.0002        0.1030        0.2521        0.0260      -98.9795      -98.9795
   260        0.0003        0.1030        0.2521        0.0260      -98.9795      -98.9795
   261        0.0003        0.1030        0.2521        0.0260      -98.9795      -98.9795
   262        0.0001        0.1030        0.2521        0.0260      -98.9795      -98.9795
   263        0.0003        0.1030        0.2521        0.0260      -98.9795      -98.9795
   264        0.0002        0.1030        0.2521        0.0260      -98.9795      -98.9795
   265        0.0001        0.1030        0.2521        0.0260      -98.9795      -98.9795
   266        0.0001        0.1030        0.2521        0.0260      -98.9795      -98.9795
   267        0.0004        0.1030        0.2522        0.0260      -98.9795      -98.9795
   268        0.0003        0.1030        0.2522        0.0260      -98.9795      -98.9795
   269        0.0001        0.1030        0.2522        0.0260      -98.9795      -98.9795
   270        0.0001        0.1030        0.2522        0.0260      -98.9795      -98.9795
   271        0.0001        0.1030        0.2522        0.0260      -98.9795      -98.9795
   272        0.0003        0.1030        0.2522        0.0260      -98.9795      -98.9795
   273        0.0001        0.1030        0.2522        0.0260      -98.9795      -98.9795
   274        0.0001        0.1030        0.2522        0.0260      -98.9795      -98.9795
   275        0.0002        0.1030        0.2522        0.0260      -98.9795      -98.9795
   276        0.0002        0.1030        0.2522        0.0260      -98.9795      -98.9795
   277        0.0004        0.1030        0.2524        0.0260      -98.9795      -98.9795
   278        0.0006        0.1030        0.2534        0.0261      -98.9795      -98.9795
   279        0.0004        0.1030        0.2535        0.0261      -98.9795      -98.9795
   280        0.0002        0.1030        0.2535        0.0261      -98.9795      -98.9795
   281        0.0001        0.1030        0.2535        0.0261      -98.9795      -98.9795
   282        0.0001        0.1030        0.2535        0.0261      -98.9795      -98.9795
   283        0.0001        0.1030        0.2535        0.0261      -98.9795      -98.9795
   284        0.0002        0.1030        0.2535        0.0261      -98.9795      -98.9795
   285        0.0004        0.1030        0.2537        0.0261      -98.9795      -98.9795
   286        0.0010        0.1030        0.2571        0.0265      -98.9795      -98.9795
   287        0.0002        0.1030        0.2571        0.0265      -98.9795      -98.9795
   288        0.0003        0.1030        0.2571        0.0265      -98.9795      -98.9795
   289        0.0001        0.1030        0.2571        0.0265      -98.9795      -98.9795
   290        0.0001        0.1030        0.2571        0.0265      -98.9795      -98.9795
   291        0.0001        0.1030        0.2571        0.0265      -98.9795      -98.9795
   292        0.0001        0.1030        0.2571        0.0265      -98.9795      -98.9795
   293        0.0005        0.1030        0.2577        0.0265      -98.9795      -98.9795
   294        0.0003        0.1030        0.2577        0.0265      -98.9795      -98.9795
   295        0.0003        0.1030        0.2577        0.0265      -98.9795      -98.9795
   296        0.0003        0.1030        0.2577        0.0265      -98.9795      -98.9795
   297        0.0001        0.1030        0.2577        0.0265      -98.9795      -98.9795
   298        0.0001        0.1030        0.2577        0.0265      -98.9795      -98.9795
   299        0.0001        0.1030        0.2577        0.0265      -98.9795      -98.9795
   300        0.0002        0.1030        0.2577        0.0265      -98.9795      -98.9795
   301        0.0001        0.1030        0.2577        0.0265      -98.9795      -98.9795
   302        0.0004        0.1030        0.2577        0.0265      -98.9795      -98.9795
   303        0.0004        0.1030        0.2578        0.0266      -98.9795      -98.9795
   304        0.0004        0.1030        0.2579        0.0266      -98.9795      -98.9795
   305        0.0003        0.1030        0.2579        0.0266      -98.9795      -98.9795
   306        0.0001        0.1030        0.2579        0.0266      -98.9795      -98.9795
   307        0.0002        0.1030        0.2579        0.0266      -98.9795      -98.9795
   308        0.0003        0.1030        0.2579        0.0266      -98.9795      -98.9795
   309        0.0001        0.1030        0.2579        0.0266      -98.9795      -98.9795
   310        0.0001        0.1030        0.2579        0.0266      -98.9795      -98.9795
   311        0.0005        0.1030        0.2584        0.0266      -98.9795      -98.9795
   312        0.0002        0.1030        0.2584        0.0266      -98.9795      -98.9795
   313        0.0002        0.1030        0.2584        0.0266      -98.9795      -98.9795
   314        0.0001        0.1030        0.2584        0.0266      -98.9795      -98.9795
   315        0.0002        0.1030        0.2584        0.0266      -98.9795      -98.9795
   316        0.0001        0.1030        0.2584        0.0266      -98.9795      -98.9795
   317        0.0001        0.1030        0.2584        0.0266      -98.9795      -98.9795
   318        0.0002        0.1030        0.2584        0.0266      -98.9795      -98.9795
   319        0.0004        0.1030        0.2585        0.0266      -98.9795      -98.9795
   320        0.0002        0.1030        0.2585        0.0266      -98.9795      -98.9795
   321        0.0001        0.1030        0.2585        0.0266      -98.9795      -98.9795
   322        0.0002        0.1030        0.2585        0.0266      -98.9795      -98.9795
   323        0.0001        0.1030        0.2585        0.0266      -98.9795      -98.9795
   324        0.0001        0.1030        0.2585        0.0266      -98.9795      -98.9795
   325        0.0002        0.1030        0.2585        0.0266      -98.9795      -98.9795
   326        0.0002        0.1030        0.2585        0.0266      -98.9795      -98.9795
   327        0.0001        0.1030        0.2585        0.0266      -98.9795      -98.9795
   328        0.0003        0.1030        0.2585        0.0266      -98.9795      -98.9795
   329        0.0001        0.1030        0.2585        0.0266      -98.9795      -98.9795
   330        0.0007        0.1030        0.2600        0.0268      -98.9795      -98.9795
   331        0.0004        0.1030        0.2601        0.0268      -98.9795      -98.9795
   332        0.0004        0.1030        0.2601        0.0268      -98.9795      -98.9795
   333        0.0002        0.1030        0.2601        0.0268      -98.9795      -98.9795
   334        0.0004        0.1030        0.2602        0.0268      -98.9795      -98.9795
   335        0.0001        0.1030        0.2602        0.0268      -98.9795      -98.9795
   336        0.0001        0.1030        0.2602        0.0268      -98.9795      -98.9795
   337        0.0001        0.1030        0.2602        0.0268      -98.9795      -98.9795
   338        0.0003        0.1030        0.2602        0.0268      -98.9795      -98.9795
   339        0.0001        0.1030        0.2602        0.0268      -98.9795      -98.9795
   340        0.0001        0.1030        0.2602        0.0268      -98.9795      -98.9795
   341        0.0002        0.1030        0.2602        0.0268      -98.9795      -98.9795
   342        0.0001        0.1030        0.2602        0.0268      -98.9795      -98.9795
   343        0.0003        0.1030        0.2602        0.0268      -98.9795      -98.9795
   344        0.0004        0.1030        0.2603        0.0268      -98.9795      -98.9795
   345        0.0001        0.1030        0.2603        0.0268      -98.9795      -98.9795
   346        0.0001        0.1030        0.2603        0.0268      -98.9795      -98.9795
   347        0.0002        0.1030        0.2603        0.0268      -98.9795      -98.9795
   348        0.0001        0.1030        0.2603        0.0268      -98.9795      -98.9795
   349        0.0002        0.1030        0.2603        0.0268      -98.9795      -98.9795
   350        0.0001        0.1030        0.2603        0.0268      -98.9795      -98.9795
   351        0.0004        0.1030        0.2604        0.0268      -98.9795      -98.9795
   352        0.0005        0.1030        0.2608        0.0269      -98.9795      -98.9795
   353        0.0001        0.1030        0.2608        0.0269      -98.9795      -98.9795
   354        0.0001        0.1030        0.2608        0.0269      -98.9795      -98.9795
   355        0.0001        0.1030        0.2608        0.0269      -98.9795      -98.9795
   356        0.0001        0.1030        0.2608        0.0269      -98.9795      -98.9795
   357        0.0004        0.1030        0.2609        0.0269      -98.9795      -98.9795
   358        0.0001        0.1030        0.2609        0.0269      -98.9795      -98.9795
   359        0.0001        0.1030        0.2609        0.0269      -98.9795      -98.9795
   360        0.0001        0.1030        0.2609        0.0269      -98.9795      -98.9795
   361        0.0001        0.1030        0.2609        0.0269      -98.9795      -98.9795
   362        0.0004        0.1030        0.2610        0.0269      -98.9795      -98.9795
   363        0.0001        0.1030        0.2610        0.0269      -98.9795      -98.9795
   364        0.0001        0.1030        0.2610        0.0269      -98.9795      -98.9795
   365        0.0001        0.1030        0.2610        0.0269      -98.9795      -98.9795
   366        0.0001        0.1030        0.2610        0.0269      -98.9795      -98.9795
   367        0.0008        0.1030        0.2630        0.0271      -98.9795      -98.9795
   368        0.0001        0.1030        0.2630        0.0271      -98.9795      -98.9795
   369        0.0002        0.1030        0.2630        0.0271      -98.9795      -98.9795
   370        0.0004        0.1030        0.2630        0.0271      -98.9795      -98.9795
   371        0.0004        0.1030        0.2631        0.0271      -98.9795      -98.9795
   372        0.0003        0.1030        0.2631        0.0271      -98.9795      -98.9795
   373        0.0003        0.1030        0.2631        0.0271      -98.9795      -98.9795
   374        0.0002        0.1030        0.2631        0.0271      -98.9795      -98.9795
   375        0.0008        0.1030        0.2650        0.0273      -98.9795      -98.9795
   376        0.0001        0.1030        0.2650        0.0273      -98.9795      -98.9795
   377        0.0004        0.1030        0.2651        0.0273      -98.9795      -98.9795
   378        0.0004        0.1030        0.2651        0.0273      -98.9795      -98.9795
   379        0.0002        0.1030        0.2651        0.0273      -98.9795      -98.9795
   380        0.0002        0.1030        0.2651        0.0273      -98.9795      -98.9795
   381        0.0009        0.1030        0.2676        0.0276      -98.9795      -98.9795
   382        0.0001        0.1030        0.2676        0.0276      -98.9795      -98.9795
   383        0.0001        0.1030        0.2676        0.0276      -98.9795      -98.9795
   384        0.0001        0.1030        0.2676        0.0276      -98.9795      -98.9795
   385        0.0001        0.1030        0.2676        0.0276      -98.9795      -98.9795
   386        0.0002        0.1030        0.2676        0.0276      -98.9795      -98.9795
   387        0.0001        0.1030        0.2676        0.0276      -98.9795      -98.9795
   388        0.0001        0.1030        0.2676        0.0276      -98.9795      -98.9795
   389        0.0001        0.1030        0.2676        0.0276      -98.9795      -98.9795
   390        0.0001        0.1030        0.2676        0.0276      -98.9795      -98.9795
   391        0.0002        0.1030        0.2676        0.0276      -98.9795      -98.9795
   392        0.0001        0.1030        0.2676        0.0276      -98.9795      -98.9795
   393        0.0002        0.1030        0.2676        0.0276      -98.9795      -98.9795
   394        0.0003        0.1030        0.2676        0.0276      -98.9795      -98.9795
   395        0.0003        0.1030        0.2676        0.0276      -98.9795      -98.9795
   396        0.0001        0.1030        0.2676        0.0276      -98.9795      -98.9795
   397        0.0001        0.1030        0.2676        0.0276      -98.9795      -98.9795
   398        0.0004        0.1030        0.2676        0.0276      -98.9795      -98.9795
   399        0.0003        0.1030        0.2676        0.0276      -98.9795      -98.9795
   400        0.0001        0.1030        0.2676        0.0276      -98.9795      -98.9795
   401        0.0001        0.1030        0.2676        0.0276      -98.9795      -98.9795
   402        0.0001        0.1030        0.2676        0.0276      -98.9795      -98.9795
   403        0.0002        0.1030        0.2676        0.0276      -98.9795      -98.9795
   404        0.0002        0.1030        0.2676        0.0276      -98.9795      -98.9795
   405        0.0001        0.1030        0.2676        0.0276      -98.9795      -98.9795
   406        0.0002        0.1030        0.2676        0.0276      -98.9795      -98.9795
   407        0.0001        0.1030        0.2676        0.0276      -98.9795      -98.9795
   408        0.0001        0.1030        0.2676        0.0276      -98.9795      -98.9795
   409        0.0003        0.1030        0.2676        0.0276      -98.9795      -98.9795
   410        0.0001        0.1030        0.2676        0.0276      -98.9795      -98.9795
   411        0.0001        0.1030        0.2676        0.0276      -98.9795      -98.9795
   412        0.0003        0.1030        0.2676        0.0276      -98.9795      -98.9795
   413        0.0002        0.1030        0.2676        0.0276      -98.9795      -98.9795
   414        0.0001        0.1030        0.2676        0.0276      -98.9795      -98.9795
   415        0.0006        0.1030        0.2684        0.0276      -98.9795      -98.9795
   416        0.0001        0.1030        0.2684        0.0276      -98.9795      -98.9795
   417        0.0001        0.1030        0.2684        0.0276      -98.9795      -98.9795
   418        0.0001        0.1030        0.2684        0.0276      -98.9795      -98.9795
   419        0.0001        0.1030        0.2684        0.0276      -98.9795      -98.9795
   420        0.0001        0.1030        0.2684        0.0276      -98.9795      -98.9795
   421        0.0001        0.1030        0.2684        0.0276      -98.9795      -98.9795
   422        0.0001        0.1030        0.2684        0.0276      -98.9795      -98.9795
   423        0.0001        0.1030        0.2684        0.0276      -98.9795      -98.9795
   424        0.0001        0.1030        0.2684        0.0276      -98.9795      -98.9795
   425        0.0003        0.1030        0.2684        0.0276      -98.9795      -98.9795
   426        0.0001        0.1030        0.2684        0.0276      -98.9795      -98.9795
   427        0.0001        0.1030        0.2684        0.0276      -98.9795      -98.9795
   428        0.0001        0.1030        0.2684        0.0276      -98.9795      -98.9795
   429        0.0001        0.1030        0.2684        0.0276      -98.9795      -98.9795
   430        0.0001        0.1030        0.2684        0.0276      -98.9795      -98.9795
   431        0.0003        0.1030        0.2684        0.0276      -98.9795      -98.9795
   432        0.0003        0.1030        0.2684        0.0276      -98.9795      -98.9795
   433        0.0001        0.1030        0.2684        0.0276      -98.9795      -98.9795
   434        0.0004        0.1030        0.2684        0.0276      -98.9795      -98.9795
   435        0.0003        0.1030        0.2684        0.0276      -98.9795      -98.9795
   436        0.0001        0.1030        0.2684        0.0276      -98.9795      -98.9795
   437        0.0002        0.1030        0.2684        0.0276      -98.9795      -98.9795
   438        0.0002        0.1030        0.2684        0.0276      -98.9795      -98.9795
   439        0.0001        0.1030        0.2684        0.0276      -98.9795      -98.9795
   440        0.0001        0.1030        0.2684        0.0276      -98.9795      -98.9795
   441        0.0003        0.1030        0.2684        0.0276      -98.9795      -98.9795
   442        0.0002        0.1030        0.2684        0.0276      -98.9795      -98.9795
   443        0.0005        0.1030        0.2688        0.0277      -98.9795      -98.9795
   444        0.0001        0.1030        0.2688        0.0277      -98.9795      -98.9795
   445        0.0006        0.1030        0.2696        0.0278      -98.9795      -98.9795
   446        0.0001        0.1030        0.2696        0.0278      -98.9795      -98.9795
   447        0.0002        0.1030        0.2696        0.0278      -98.9795      -98.9795
   448        0.0003        0.1030        0.2696        0.0278      -98.9795      -98.9795
   449        0.0002        0.1030        0.2696        0.0278      -98.9795      -98.9795
   450        0.0001        0.1030        0.2696        0.0278      -98.9795      -98.9795
   451        0.0004        0.1030        0.2696        0.0278      -98.9795      -98.9795
   452        0.0002        0.1030        0.2696        0.0278      -98.9795      -98.9795
   453        0.0002        0.1030        0.2696        0.0278      -98.9795      -98.9795
   454        0.0001        0.1030        0.2696        0.0278      -98.9795      -98.9795
   455        0.0001        0.1030        0.2696        0.0278      -98.9795      -98.9795
   456        0.0003        0.1030        0.2696        0.0278      -98.9795      -98.9795
   457        0.0001        0.1030        0.2696        0.0278      -98.9795      -98.9795
   458        0.0001        0.1030        0.2696        0.0278      -98.9795      -98.9795
   459        0.0001        0.1030        0.2696        0.0278      -98.9795      -98.9795
   460        0.0009        0.1030        0.2720        0.0280      -98.9795      -98.9795
   461        0.0002        0.1030        0.2720        0.0280      -98.9795      -98.9795
   462        0.0007        0.1030        0.2732        0.0281      -98.9795      -98.9795
   463        0.0013        0.1030        0.2781        0.0286      -98.9795      -98.9795
   464        0.0001        0.1030        0.2781        0.0286      -98.9795      -98.9795
   465        0.0002        0.1030        0.2781        0.0286      -98.9795      -98.9795
   466        0.0003        0.1030        0.2781        0.0286      -98.9795      -98.9795
   467        0.0001        0.1030        0.2781        0.0286      -98.9795      -98.9795
   468        0.0001        0.1030        0.2781        0.0286      -98.9795      -98.9795
   469        0.0001        0.1030        0.2781        0.0286      -98.9795      -98.9795
   470        0.0001        0.1030        0.2781        0.0286      -98.9795      -98.9795
   471        0.0002        0.1030        0.2781        0.0286      -98.9795      -98.9795
   472        0.0004        0.1030        0.2781        0.0286      -98.9795      -98.9795
   473        0.0001        0.1030        0.2781        0.0286      -98.9795      -98.9795
   474        0.0007        0.1030        0.2792        0.0288      -98.9795      -98.9795
   475        0.0001        0.1030        0.2792        0.0288      -98.9795      -98.9795
   476        0.0001        0.1030        0.2792        0.0288      -98.9795      -98.9795
   477        0.0001        0.1030        0.2792        0.0288      -98.9795      -98.9795
   478        0.0001        0.1030        0.2792        0.0288      -98.9795      -98.9795
   479        0.0002        0.1030        0.2792        0.0288      -98.9795      -98.9795
   480        0.0004        0.1030        0.2792        0.0288      -98.9795      -98.9795
   481        0.0001        0.1030        0.2792        0.0288      -98.9795      -98.9795
   482        0.0002        0.1030        0.2792        0.0288      -98.9795      -98.9795
   483        0.0002        0.1030        0.2792        0.0288      -98.9795      -98.9795
   484        0.0001        0.1030        0.2792        0.0288      -98.9795      -98.9795
   485        0.0006        0.1030        0.2799        0.0288      -98.9795      -98.9795
   486        0.0001        0.1030        0.2799        0.0288      -98.9795      -98.9795
   487        0.0003        0.1030        0.2799        0.0288      -98.9795      -98.9795
   488        0.0001        0.1030        0.2799        0.0288      -98.9795      -98.9795
   489        0.0001        0.1030        0.2799        0.0288      -98.9795      -98.9795
   490        0.0005        0.1030        0.2802        0.0289      -98.9795      -98.9795
   491        0.0001        0.1030        0.2802        0.0289      -98.9795      -98.9795
   492        0.0001        0.1030        0.2802        0.0289      -98.9795      -98.9795
   493        0.0001        0.1030        0.2802        0.0289      -98.9795      -98.9795
   494        0.0001        0.1030        0.2802        0.0289      -98.9795      -98.9795
   495        0.0001        0.1030        0.2802        0.0289      -98.9795      -98.9795
   496        0.0001        0.1030        0.2802        0.0289      -98.9795      -98.9795
   497        0.0001        0.1030        0.2802        0.0289      -98.9795      -98.9795
   498        0.0001        0.1030        0.2802        0.0289      -98.9795      -98.9795
   499        0.0002        0.1030        0.2802        0.0289      -98.9795      -98.9795
   500        0.0001        0.1030        0.2802        0.0289      -98.9795      -98.9795
   501        0.0004        0.1030        0.2802        0.0289      -98.9795      -98.9795
   502        0.0002        0.1030        0.2802        0.0289      -98.9795      -98.9795
   503        0.0001        0.1030        0.2802        0.0289      -98.9795      -98.9795
   504        0.0001        0.1030        0.2802        0.0289      -98.9795      -98.9795
   505        0.0001        0.1030        0.2802        0.0289      -98.9795      -98.9795
   506        0.0003        0.1030        0.2802        0.0289      -98.9795      -98.9795
   507        0.0001        0.1030        0.2802        0.0289      -98.9795      -98.9795
   508        0.0001        0.1030        0.2802        0.0289      -98.9795      -98.9795
   509        0.0005        0.1030        0.2804        0.0289      -98.9795      -98.9795
   510        0.0001        0.1030        0.2804        0.0289      -98.9795      -98.9795
   511        0.0001        0.1030        0.2804        0.0289      -98.9795      -98.9795
   512        0.0001        0.1030        0.2804        0.0289      -98.9795      -98.9795
   513        0.0001        0.1030        0.2804        0.0289      -98.9795      -98.9795
   514        0.0006        0.1030        0.2811        0.0290      -98.9795      -98.9795
   515        0.0005        0.1030        0.2814        0.0290      -98.9795      -98.9795
   516        0.0003        0.1030        0.2814        0.0290      -98.9795      -98.9795
   517        0.0003        0.1030        0.2814        0.0290      -98.9795      -98.9795
   518        0.0011        0.1030        0.2846        0.0293      -98.9795      -98.9795
   519        0.0001        0.1030        0.2846        0.0293      -98.9795      -98.9795
   520        0.0001        0.1030        0.2846        0.0293      -98.9795      -98.9795
   521        0.0001        0.1030        0.2846        0.0293      -98.9795      -98.9795
   522        0.0001        0.1030        0.2846        0.0293      -98.9795      -98.9795
   523        0.0001        0.1030        0.2846        0.0293      -98.9795      -98.9795
   524        0.0001        0.1030        0.2846        0.0293      -98.9795      -98.9795
   525        0.0001        0.1030        0.2846        0.0293      -98.9795      -98.9795
   526        0.0001        0.1030        0.2846        0.0293      -98.9795      -98.9795
   527        0.0001        0.1030        0.2846        0.0293      -98.9795      -98.9795
   528        0.0002        0.1030        0.2846        0.0293      -98.9795      -98.9795
   529        0.0002        0.1030        0.2846        0.0293      -98.9795      -98.9795
   530        0.0001        0.1030        0.2846        0.0293      -98.9795      -98.9795
   531        0.0006        0.1030        0.2852        0.0294      -98.9795      -98.9795
   532        0.0001        0.1030        0.2852        0.0294      -98.9795      -98.9795
   533        0.0001        0.1030        0.2852        0.0294      -98.9795      -98.9795
   534        0.0001        0.1030        0.2852        0.0294      -98.9795      -98.9795
   535        0.0004        0.1030        0.2852        0.0294      -98.9795      -98.9795
   536        0.0001        0.1030        0.2852        0.0294      -98.9795      -98.9795
   537        0.0001        0.1030        0.2852        0.0294      -98.9795      -98.9795
   538        0.0002        0.1030        0.2852        0.0294      -98.9795      -98.9795
   539        0.0001        0.1030        0.2852        0.0294      -98.9795      -98.9795
   540        0.0004        0.1030        0.2852        0.0294      -98.9795      -98.9795
   541        0.0002        0.1030        0.2852        0.0294      -98.9795      -98.9795
   542        0.0001        0.1030        0.2852        0.0294      -98.9795      -98.9795
   543        0.0001        0.1030        0.2852        0.0294      -98.9795      -98.9795
   544        0.0001        0.1030        0.2852        0.0294      -98.9795      -98.9795
   545        0.0004        0.1030        0.2852        0.0294      -98.9795      -98.9795
   546        0.0001        0.1030        0.2852        0.0294      -98.9795      -98.9795
   547        0.0001        0.1030        0.2852        0.0294      -98.9795      -98.9795
   548        0.0001        0.1030        0.2852        0.0294      -98.9795      -98.9795
   549        0.0001        0.1030        0.2852        0.0294      -98.9795      -98.9795
   550        0.0001        0.1030        0.2852        0.0294      -98.9795      -98.9795
   551        0.0003        0.1030        0.2852        0.0294      -98.9795      -98.9795
   552        0.0003        0.1030        0.2852        0.0294      -98.9795      -98.9795
   553        0.0004        0.1030        0.2852        0.0294      -98.9795      -98.9795
   554        0.0001        0.1030        0.2852        0.0294      -98.9795      -98.9795
   555        0.0002        0.1030        0.2852        0.0294      -98.9795      -98.9795
   556        0.0002        0.1030        0.2852        0.0294      -98.9795      -98.9795
   557        0.0001        0.1030        0.2852        0.0294      -98.9795      -98.9795
   558        0.0003        0.1030        0.2852        0.0294      -98.9795      -98.9795
   559        0.0001        0.1030        0.2852        0.0294      -98.9795      -98.9795
   560        0.0001        0.1030        0.2852        0.0294      -98.9795      -98.9795
   561        0.0001        0.1030        0.2852        0.0294      -98.9795      -98.9795
   562        0.0001        0.1030        0.2852        0.0294      -98.9795      -98.9795
   563        0.0003        0.1030        0.2852        0.0294      -98.9795      -98.9795
   564        0.0001        0.1030        0.2852        0.0294      -98.9795      -98.9795
   565        0.0001        0.1030        0.2852        0.0294      -98.9795      -98.9795
   566        0.0004        0.1030        0.2852        0.0294      -98.9795      -98.9795
   567        0.0008        0.1030        0.2867        0.0295      -98.9795      -98.9795
   568        0.0004        0.1030        0.2867        0.0295      -98.9795      -98.9795
   569        0.0004        0.1030        0.2867        0.0295      -98.9795      -98.9795
   570        0.0001        0.1030        0.2867        0.0295      -98.9795      -98.9795
   571        0.0002        0.1030        0.2867        0.0295      -98.9795      -98.9795
   572        0.0001        0.1030        0.2867        0.0295      -98.9795      -98.9795
   573        0.0003        0.1030        0.2867        0.0295      -98.9795      -98.9795
   574        0.0001        0.1030        0.2867        0.0295      -98.9795      -98.9795
   575        0.0005        0.1030        0.2869        0.0296      -98.9795      -98.9795
   576        0.0001        0.1030        0.2869        0.0296      -98.9795      -98.9795
   577        0.0003        0.1030        0.2869        0.0296      -98.9795      -98.9795
   578        0.0004        0.1030        0.2869        0.0296      -98.9795      -98.9795
   579        0.0001        0.1030        0.2869        0.0296      -98.9795      -98.9795
   580        0.0001        0.1030        0.2869        0.0296      -98.9795      -98.9795
   581        0.0003        0.1030        0.2869        0.0296      -98.9795      -98.9795
   582        0.0001        0.1030        0.2869        0.0296      -98.9795      -98.9795
   583        0.0001        0.1030        0.2869        0.0296      -98.9795      -98.9795
   584        0.0002        0.1030        0.2869        0.0296      -98.9795      -98.9795
   585        0.0001        0.1030        0.2869        0.0296      -98.9795      -98.9795
   586        0.0001        0.1030        0.2869        0.0296      -98.9795      -98.9795
   587        0.0001        0.1030        0.2869        0.0296      -98.9795      -98.9795
   588        0.0002        0.1030        0.2869        0.0296      -98.9795      -98.9795
   589        0.0001        0.1030        0.2869        0.0296      -98.9795      -98.9795
   590        0.0004        0.1030        0.2869        0.0296      -98.9795      -98.9795
   591        0.0003        0.1030        0.2869        0.0296      -98.9795      -98.9795
   592        0.0006        0.1030        0.2875        0.0296      -98.9795      -98.9795
   593        0.0001        0.1030        0.2875        0.0296      -98.9795      -98.9795
   594        0.0003        0.1030        0.2875        0.0296      -98.9795      -98.9795
   595        0.0008        0.1030        0.2890        0.0298      -98.9795      -98.9795
   596        0.0001        0.1030        0.2890        0.0298      -98.9795      -98.9795
   597        0.0002        0.1030        0.2890        0.0298      -98.9795      -98.9795
   598        0.0003        0.1030        0.2890        0.0298      -98.9795      -98.9795
   599        0.0003        0.1030        0.2890        0.0298      -98.9795      -98.9795
   600        0.0001        0.1030        0.2890        0.0298      -98.9795      -98.9795
   601        0.0001        0.1030        0.2890        0.0298      -98.9795      -98.9795
  9999        0.0001        0.1030        1.1645        0.0749     -999.0000     -999.0000
 
 
 **ATENCION: The eroded channel has wall erosion (Sidorchuk, 1999)
 -------- Width displayed in the last line (9999) is the top with!
 
