      0.0010        30.0
      0.0097        30.0
      0.0123        30.0
      0.0018        30.0
      0.0097        30.0
      0.0011        30.0
      0.0002        30.0
      0.0001        30.0
      0.0011        30.0
      0.0077        30.0
      0.0019        30.0
      0.0154        30.0
      0.0002        30.0
      0.0005        30.0
      0.0031        30.0
      0.0162        30.0
      0.0048        30.0
      0.0032        30.0
      0.0152        30.0
      0.0081        30.0
      0.0037        30.0
      0.0152        30.0
      0.0027        30.0
      0.0013        30.0
      0.0066        30.0
      0.0022        30.0
      0.0157        30.0
      0.0199        30.0
      0.0136        30.0
      0.0007        30.0
      0.0028        30.0
      0.0010        30.0
      0.0013        30.0
      0.0005        30.0
      0.0018        30.0
      0.0136        30.0
      0.0097        30.0
      0.0070        30.0
      0.0031        30.0
      0.0042        30.0
      0.0009        30.0
      0.0138        30.0
      0.0103        30.0
      0.0146        30.0
      0.0042        30.0
      0.0018        30.0
      0.0244        30.0
      0.0018        30.0
      0.0018        30.0
      0.0070        30.0
      0.0125        30.0
      0.0001        30.0
      0.0027        30.0
      0.0018        30.0
      0.0022        30.0
      0.0081        30.0
      0.0032        30.0
      0.0054        30.0
      0.0103        30.0
      0.0009        30.0
      0.0015        30.0
      0.0038        30.0
      0.0002        30.0
      0.0012        30.0
      0.0018        30.0
      0.0022        30.0
      0.0053        30.0
      0.0026        30.0
      0.0071        30.0
      0.0006        30.0
      0.0001        30.0
      0.0002        30.0
      0.0123        30.0
      0.0026        30.0
      0.0009        30.0
      0.0011        30.0
      0.0015        30.0
      0.0097        30.0
      0.0022        30.0
      0.0019        30.0
      0.0081        30.0
      0.0086        30.0
      0.0086        30.0
      0.0105        30.0
      0.0136        30.0
      0.0009        30.0
      0.0044        30.0
      0.0064        30.0
      0.0070        30.0
      0.0028        30.0
      0.0011        30.0
      0.0021        30.0
      0.0011        30.0
      0.0249        30.0
      0.0007        30.0
      0.0001        30.0
      0.0018        30.0
      0.0010        30.0
      0.0008        30.0
      0.0056        30.0
      0.0059        30.0
      0.0012        30.0
      0.0233        30.0
      0.0086        30.0
      0.0051        30.0
      0.0029        30.0
      0.0029        30.0
      0.0001        30.0
      0.0019        30.0
      0.0070        30.0
      0.0013        30.0
      0.0291        30.0
      0.0101        30.0
      0.0339        30.0
      0.0020        30.0
      0.0126        30.0
      0.0032        30.0
      0.0141        30.0
      0.0003        30.0
      0.0001        30.0
      0.0027        30.0
      0.0082        30.0
      0.0003        30.0
      0.0008        30.0
      0.0104        30.0
      0.0051        30.0
      0.0070        30.0
      0.0029        30.0
      0.0035        30.0
      0.0054        30.0
      0.0050        30.0
      0.0070        30.0
      0.0086        30.0
      0.0032        30.0
      0.0116        30.0
      0.0024        30.0
      0.0008        30.0
      0.0070        30.0
      0.0044        30.0
      0.0104        30.0
      0.0013        30.0
      0.0029        30.0
      0.0037        30.0
      0.0001        30.0
      0.0024        30.0
      0.0186        30.0
      0.0337        30.0
      0.0015        30.0
      0.0014        30.0
      0.0010        30.0
      0.0014        30.0
      0.0006        30.0
      0.0004        30.0
      0.0024        30.0
      0.0002        30.0
      0.0002        30.0
      0.0082        30.0
      0.0178        30.0
      0.0029        30.0
      0.0350        30.0
      0.0316        30.0
      0.0209        30.0
      0.0022        30.0
      0.0061        30.0
      0.0018        30.0
      0.0229        30.0
      0.0064        30.0
      0.0104        30.0
      0.0064        30.0
      0.0005        30.0
      0.0001        30.0
      0.0134        30.0
      0.0001        30.0
      0.0126        30.0
      0.0141        30.0
      0.0045        30.0
      0.0252        30.0
      0.0011        30.0
      0.0005        30.0
      0.0042        30.0
      0.0019        30.0
      0.0011        30.0
      0.0004        30.0
      0.0017        30.0
      0.0024        30.0
      0.0030        30.0
      0.0015        30.0
      0.0022        30.0
      0.0020        30.0
      0.0126        30.0
      0.0034        30.0
      0.0008        30.0
      0.0006        30.0
      0.0008        30.0
      0.0315        30.0
      0.0014        30.0
      0.0002        30.0
      0.0038        30.0
      0.0015        30.0
      0.0389        30.0
      0.0077        30.0
      0.0096        30.0
      0.0037        30.0
      0.0028        30.0
      0.0029        30.0
      0.0010        30.0
      0.0047        30.0
      0.0001        30.0
      0.0244        30.0
      0.0142        30.0
      0.0012        30.0
      0.0017        30.0
      0.0036        30.0
      0.0029        30.0
      0.0185        30.0
      0.0001        30.0
      0.0120        30.0
      0.0025        30.0
      0.0003        30.0
      0.0001        30.0
      0.0130        30.0
      0.0041        30.0
      0.0013        30.0
      0.0004        30.0
      0.0003        30.0
      0.0045        30.0
      0.0041        30.0
      0.0035        30.0
      0.0048        30.0
      0.0031        30.0
      0.0004        30.0
      0.0238        30.0
      0.0029        30.0
      0.0011        30.0
      0.0078        30.0
      0.0033        30.0
      0.0270        30.0
      0.0034        30.0
      0.0004        30.0
      0.0016        30.0
      0.0006        30.0
      0.0012        30.0
      0.0002        30.0
      0.0325        30.0
      0.0063        30.0
      0.0032        30.0
      0.0127        30.0
      0.0016        30.0
      0.0012        30.0
      0.0008        30.0
      0.0056        30.0
      0.0092        30.0
      0.0018        30.0
      0.0057        30.0
      0.0006        30.0
      0.0008        30.0
      0.0058        30.0
      0.0002        30.0
      0.0046        30.0
      0.0039        30.0
      0.0431        30.0
      0.0347        30.0
      0.0259        30.0
      0.0043        30.0
      0.0049        30.0
      0.0001        30.0
      0.0020        30.0
      0.0025        30.0
      0.0078        30.0
      0.0007        30.0
      0.0029        30.0
      0.0004        30.0
      0.0067        30.0
      0.0038        30.0
      0.0037        30.0
      0.0129        30.0
      0.0016        30.0
      0.0026        30.0
      0.0114        30.0
      0.0071        30.0
      0.0151        30.0
      0.0067        30.0
      0.0014        30.0
      0.0009        30.0
      0.0017        30.0
      0.0042        30.0
      0.0129        30.0
      0.0033        30.0
      0.0296        30.0
      0.0152        30.0
      0.0002        30.0
      0.0010        30.0
      0.0001        30.0
      0.0001        30.0
      0.0510        30.0
      0.0067        30.0
      0.0004        30.0
      0.0095        30.0
      0.0119        30.0
      0.0001        30.0
      0.0002        30.0
      0.0104        30.0
      0.0042        30.0
      0.0012        30.0
      0.0032        30.0
      0.0002        30.0
      0.0005        30.0
      0.0212        30.0
      0.0069        30.0
      0.0036        30.0
      0.0177        30.0
      0.0043        30.0
      0.0090        30.0
      0.0012        30.0
      0.0006        30.0
      0.0058        30.0
      0.0054        30.0
      0.0063        30.0
      0.0050        30.0
      0.0019        30.0
      0.0007        30.0
      0.0104        30.0
      0.0158        30.0
      0.0023        30.0
      0.0006        30.0
      0.0003        30.0
      0.0012        30.0
      0.0096        30.0
      0.0016        30.0
      0.0032        30.0
      0.0014        30.0
      0.0009        30.0
      0.0060        30.0
      0.0088        30.0
      0.0017        30.0
      0.0007        30.0
      0.0244        30.0
      0.0013        30.0
      0.0013        30.0
      0.0021        30.0
      0.0021        30.0
      0.0004        30.0
      0.0066        30.0
      0.0178        30.0
      0.0168        30.0
      0.0001        30.0
      0.0064        30.0
      0.0210        30.0
      0.0102        30.0
      0.0207        30.0
      0.0078        30.0
      0.0040        30.0
      0.0033        30.0
      0.0112        30.0
      0.0116        30.0
      0.0024        30.0
      0.0198        30.0
      0.0108        30.0
      0.0018        30.0
      0.0035        30.0
      0.0004        30.0
      0.0008        30.0
      0.0026        30.0
      0.0037        30.0
      0.0070        30.0
      0.0220        30.0
      0.0048        30.0
      0.0045        30.0
      0.0001        30.0
      0.0003        30.0
      0.0134        30.0
      0.0234        30.0
      0.0064        30.0
      0.0027        30.0
      0.0011        30.0
      0.0007        30.0
      0.0007        30.0
      0.0019        30.0
      0.0018        30.0
      0.0004        30.0
      0.0177        30.0
      0.0014        30.0
      0.0022        30.0
      0.0069        30.0
      0.0014        30.0
      0.0022        30.0
      0.0040        30.0
      0.0178        30.0
      0.0034        30.0
      0.0032        30.0
      0.0024        30.0
      0.0169        30.0
      0.0005        30.0
      0.0016        30.0
      0.0136        30.0
      0.0009        30.0
      0.0070        30.0
      0.0005        30.0
      0.0088        30.0
      0.0069        30.0
      0.0035        30.0
      0.0236        30.0
      0.0087        30.0
      0.0025        30.0
      0.0325        30.0
      0.0080        30.0
      0.0114        30.0
      0.0075        30.0
      0.0105        30.0
      0.0072        30.0
      0.0008        30.0
      0.0018        30.0
      0.0103        30.0
      0.0134        30.0
      0.0033        30.0
      0.0135        30.0
      0.0077        30.0
      0.0028        30.0
      0.0009        30.0
      0.0028        30.0
      0.0156        30.0
      0.0006        30.0
      0.0135        30.0
      0.0021        30.0
      0.0034        30.0
      0.0001        30.0
      0.0024        30.0
      0.0109        30.0
      0.0035        30.0
      0.0001        30.0
      0.0039        30.0
      0.0009        30.0
      0.0011        30.0
      0.0082        30.0
      0.0074        30.0
      0.0013        30.0
      0.0146        30.0
      0.0253        30.0
      0.0009        30.0
      0.0152        30.0
      0.0073        30.0
      0.0048        30.0
      0.0040        30.0
      0.0018        30.0
      0.0037        30.0
      0.0097        30.0
      0.0004        30.0
      0.0177        30.0
      0.0377        30.0
      0.0009        30.0
      0.0009        30.0
      0.0064        30.0
      0.0132        30.0
      0.0027        30.0
      0.0001        30.0
      0.0028        30.0
      0.0005        30.0
      0.0010        30.0
      0.0041        30.0
      0.0009        30.0
      0.0047        30.0
      0.0006        30.0
      0.0004        30.0
      0.0189        30.0
      0.0002        30.0
      0.0004        30.0
      0.0126        30.0
      0.0128        30.0
      0.0128        30.0
      0.0013        30.0
      0.0025        30.0
      0.0015        30.0
      0.0050        30.0
      0.0036        30.0
      0.0077        30.0
      0.0009        30.0
      0.0042        30.0
      0.0162        30.0
      0.0170        30.0
      0.0165        30.0
      0.0111        30.0
      0.0059        30.0
      0.0097        30.0
      0.0112        30.0
      0.0047        30.0
      0.0022        30.0
      0.0016        30.0
      0.0197        30.0
      0.0061        30.0
      0.0062        30.0
      0.0053        30.0
      0.0002        30.0
      0.0017        30.0
      0.0087        30.0
      0.0017        30.0
      0.0009        30.0
      0.0006        30.0
      0.0021        30.0
      0.0013        30.0
      0.0021        30.0
      0.0090        30.0
      0.0002        30.0
      0.0171        30.0
      0.0067        30.0
      0.0018        30.0
      0.0033        30.0
      0.0084        30.0
      0.0003        30.0
      0.0002        30.0
      0.0021        30.0
      0.0027        30.0
      0.0069        30.0
      0.0093        30.0
      0.0018        30.0
      0.0024        30.0
      0.0013        30.0
      0.0013        30.0
      0.0121        30.0
      0.0053        30.0
      0.0272        30.0
      0.0146        30.0
      0.0167        30.0
      0.0017        30.0
      0.0091        30.0
      0.0142        30.0
      0.0023        30.0
      0.0009        30.0
      0.0028        30.0
      0.0038        30.0
      0.0002        30.0
      0.0012        30.0
      0.0004        30.0
      0.0003        30.0
      0.0114        30.0
      0.0027        30.0
      0.0036        30.0
      0.0011        30.0
      0.0001        30.0
      0.0001        30.0
      0.0060        30.0
      0.0029        30.0
      0.0001        30.0
      0.0113        30.0
      0.0160        30.0
      0.0047        30.0
      0.0008        30.0
      0.0009        30.0
      0.0048        30.0
      0.0061        30.0
      0.0033        30.0
      0.0088        30.0
      0.0037        30.0
      0.0015        30.0
      0.0013        30.0
      0.0015        30.0
      0.0001        30.0
      0.0001        30.0
      0.0168        30.0
      0.0181        30.0
      0.0033        30.0
      0.0031        30.0
      0.0027        30.0
      0.0053        30.0
      0.0146        30.0
      0.0041        30.0
      0.0022        30.0
      0.0046        30.0
      0.0047        30.0
      0.0150        30.0
      0.0034        30.0
      0.0003        30.0
      0.0007        30.0
      0.0033        30.0
      0.0017        30.0
      0.0007        30.0
      0.0005        30.0
      0.0008        30.0
      0.0046        30.0
      0.0002        30.0
      0.0033        30.0
      0.0317        30.0
      0.0028        30.0
      0.0063        30.0
      0.0166        30.0
      0.0152        30.0
      0.0007        30.0
      0.0101        30.0
      0.0116        30.0
      0.0093        30.0
      0.0334        30.0
      0.0032        30.0
      0.0009        30.0
      0.0015        30.0
      0.0149        30.0
      0.0163        30.0
      0.0097        30.0
      0.0065        30.0
      0.0374        30.0
      0.0028        30.0
      0.0027        30.0
      0.0032        30.0
      0.0026        30.0
      0.0062        30.0
      0.0048        30.0
      0.0005        30.0
      0.0028        30.0
      0.0017        30.0
      0.0023        30.0
      0.0001        30.0
      0.0036        30.0
      0.0075        30.0
      0.0025        30.0
      0.0081        30.0
      0.0117        30.0
      0.0114        30.0
      0.0041        30.0
      0.0013        30.0
      0.0058        30.0
      0.0013        30.0
      0.0139        30.0
      0.0111        30.0
      0.0034        30.0
      0.0049        30.0
      0.0013        30.0
      0.0044        30.0
      0.0062        30.0
      0.0079        30.0
      0.0057        30.0
      0.0065        30.0
      0.0049        30.0
      0.0025        30.0
      0.0100        30.0
      0.0037        30.0
      0.0033        30.0
      0.0133        30.0
      0.0064        30.0
      0.0037        30.0
      0.0008        30.0
      0.0009        30.0
      0.0230        30.0
      0.0004        30.0
      0.0043        30.0
      0.0014        30.0
      0.0024        30.0
      0.0011        30.0
      0.0037        30.0
      0.0011        30.0
      0.0037        30.0
      0.0011        30.0
      0.0012        30.0
      0.0007        30.0
      0.0002        30.0
      0.0002        30.0
      0.0042        30.0
      0.0023        30.0
      0.0010        30.0
      0.0009        30.0
      0.0027        30.0
      0.0020        30.0
      0.0031        30.0
      0.0125        30.0
      0.0022        30.0
      0.0019        30.0
      0.0005        30.0
      0.0035        30.0
      0.0052        30.0
      0.0044        30.0
      0.0048        30.0
      0.0001        30.0
      0.0010        30.0
      0.0009        30.0
      0.0019        30.0
      0.0008        30.0
      0.0107        30.0
      0.0004        30.0
      0.0008        30.0
      0.0124        30.0
      0.0056        30.0
      0.0016        30.0
      0.0001        30.0
      0.0163        30.0
      0.0109        30.0
      0.0036        30.0
      0.0063        30.0
      0.0076        30.0
      0.0028        30.0
      0.0017        30.0
      0.0024        30.0
      0.0112        30.0
      0.0065        30.0
      0.0197        30.0
      0.0033        30.0
      0.0003        30.0
      0.0250        30.0
      0.0015        30.0
      0.0056        30.0
      0.0014        30.0
      0.0014        30.0
      0.0067        30.0
      0.0124        30.0
      0.0066        30.0
      0.0014        30.0
      0.0033        30.0
      0.0002        30.0
      0.0163        30.0
      0.0007        30.0
      0.0001        30.0
      0.0074        30.0
      0.0013        30.0
      0.0062        30.0
      0.0039        30.0
      0.0010        30.0
      0.0024        30.0
      0.0109        30.0
      0.0009        30.0
      0.0008        30.0
      0.0024        30.0
      0.0057        30.0
      0.0001        30.0
      0.0019        30.0
      0.0030        30.0
      0.0342        30.0
      0.0014        30.0
      0.0072        30.0
      0.0259        30.0
      0.0018        30.0
      0.0001        30.0
      0.0009        30.0
      0.0496        30.0
      0.0019        30.0
      0.0046        30.0
      0.0019        30.0
      0.0014        30.0
      0.0069        30.0
      0.0113        30.0
      0.0030        30.0
      0.0002        30.0
      0.0001        30.0
      0.0041        30.0
      0.0025        30.0
      0.0007        30.0
      0.0001        30.0
      0.0007        30.0
      0.0055        30.0
      0.0011        30.0
      0.0003        30.0
      0.0067        30.0
      0.0158        30.0
      0.0052        30.0
      0.0015        30.0
      0.0009        30.0
      0.0293        30.0
      0.0032        30.0
      0.0014        30.0
      0.0024        30.0
      0.0005        30.0
      0.0014        30.0
      0.0001        30.0
      0.0002        30.0
      0.0043        30.0
      0.0040        30.0
      0.0096        30.0
      0.0140        30.0
      0.0032        30.0
      0.0064        30.0
      0.0096        30.0
      0.0013        30.0
      0.0006        30.0
      0.0036        30.0
      0.0235        30.0
      0.0048        30.0
      0.0114        30.0
      0.0019        30.0
      0.0017        30.0
      0.0007        30.0
      0.0002        30.0
      0.0003        30.0
      0.0002        30.0
      0.0002        30.0
      0.0043        30.0
      0.0010        30.0
      0.0019        30.0
      0.0005        30.0
      0.0018        30.0
      0.0028        30.0
      0.0180        30.0
      0.0058        30.0
      0.0045        30.0
      0.0013        30.0
      0.0017        30.0
      0.0032        30.0
      0.0025        30.0
      0.0016        30.0
      0.0028        30.0
      0.0001        30.0
      0.0041        30.0
      0.0038        30.0
      0.0046        30.0
      0.0074        30.0
      0.0044        30.0
      0.0155        30.0
      0.0087        30.0
      0.0019        30.0
      0.0056        30.0
      0.0002        30.0
      0.0001        30.0
      0.0025        30.0
      0.0031        30.0
      0.0137        30.0
      0.0045        30.0
      0.0047        30.0
      0.0208        30.0
      0.0030        30.0
      0.0052        30.0
      0.0028        30.0
      0.0020        30.0
      0.0226        30.0
      0.0200        30.0
      0.0130        30.0
      0.0104        30.0
      0.0432        30.0
      0.0024        30.0
      0.0053        30.0
      0.0030        30.0
      0.0015        30.0
      0.0023        30.0
      0.0045        30.0
      0.0057        30.0
      0.0022        30.0
      0.0052        30.0
      0.0018        30.0
      0.0005        30.0
      0.0002        30.0
      0.0037        30.0
      0.0014        30.0
      0.0072        30.0
      0.0081        30.0
      0.0011        30.0
      0.0001        30.0
      0.0013        30.0
      0.0006        30.0
      0.0038        30.0
      0.0012        30.0
      0.0221        30.0
      0.0023        30.0
      0.0007        30.0
      0.0003        30.0
      0.0033        30.0
      0.0025        30.0
      0.0158        30.0
      0.0056        30.0
      0.0005        30.0
      0.0010        30.0
      0.0026        30.0
      0.0001        30.0
      0.0074        30.0
      0.0045        30.0
      0.0151        30.0
      0.0010        30.0
      0.0096        30.0
      0.0007        30.0
      0.0003        30.0
      0.0005        30.0
      0.0052        30.0
      0.0007        30.0
      0.0007        30.0
      0.0033        30.0
      0.0024        30.0
      0.0004        30.0
      0.0011        30.0
      0.0144        30.0
      0.0005        30.0
      0.0049        30.0
      0.0019        30.0
      0.0004        30.0
      0.0036        30.0
      0.0049        30.0
      0.0025        30.0
      0.0023        30.0
      0.0108        30.0
      0.0129        30.0
      0.0144        30.0
      0.0010        30.0
      0.0027        30.0
      0.0076        30.0
      0.0084        30.0
      0.0029        30.0
      0.0015        30.0
      0.0112        30.0
      0.0037        30.0
      0.0001        30.0
      0.0005        30.0
      0.0029        30.0
      0.0004        30.0
      0.0032        30.0
      0.0002        30.0
      0.0034        30.0
      0.0105        30.0
      0.0036        30.0
      0.0026        30.0
      0.0141        30.0
      0.0312        30.0
      0.0161        30.0
      0.0141        30.0
      0.0007        30.0
      0.0056        30.0
      0.0076        30.0
      0.0016        30.0
      0.0016        30.0
      0.0016        30.0
      0.0023        30.0
      0.0005        30.0
      0.0007        30.0
      0.0103        30.0
      0.0035        30.0
      0.0178        30.0
      0.0012        30.0
      0.0040        30.0
      0.0116        30.0
      0.0009        30.0
      0.0013        30.0
      0.0001        30.0
      0.0156        30.0
      0.0009        30.0
      0.0048        30.0
      0.0010        30.0
      0.0028        30.0
      0.0002        30.0
      0.0130        30.0
      0.0028        30.0
      0.0043        30.0
      0.0064        30.0
      0.0024        30.0
      0.0037        30.0
      0.0018        30.0
      0.0006        30.0
      0.0004        30.0
      0.0021        30.0
      0.0003        30.0
      0.0060        30.0
      0.0058        30.0
      0.0163        30.0
      0.0005        30.0
      0.0006        30.0
      0.0103        30.0
      0.0236        30.0
      0.0049        30.0
      0.0125        30.0
      0.0304        30.0
      0.0030        30.0
      0.0097        30.0
      0.0127        30.0
      0.0113        30.0
      0.0001        30.0
      0.0037        30.0
      0.0047        30.0
