      0.0002        30.0
      0.0003        30.0
      0.0002        30.0
      0.0002        30.0
      0.0004        30.0
      0.0001        30.0
      0.0004        30.0
      0.0001        30.0
      0.0001        30.0
      0.0004        30.0
      0.0002        30.0
      0.0001        30.0
      0.0004        30.0
      0.0001        30.0
      0.0002        30.0
      0.0001        30.0
      0.0004        30.0
      0.0005        30.0
      0.0003        30.0
      0.0001        30.0
      0.0003        30.0
      0.0002        30.0
      0.0002        30.0
      0.0001        30.0
      0.0001        30.0
      0.0004        30.0
      0.0003        30.0
      0.0004        30.0
      0.0001        30.0
      0.0006        30.0
      0.0002        30.0
      0.0003        30.0
      0.0001        30.0
      0.0001        30.0
      0.0002        30.0
      0.0001        30.0
      0.0001        30.0
      0.0003        30.0
      0.0001        30.0
      0.0001        30.0
      0.0001        30.0
      0.0001        30.0
      0.0002        30.0
      0.0003        30.0
      0.0001        30.0
      0.0002        30.0
      0.0001        30.0
      0.0002        30.0
      0.0002        30.0
      0.0002        30.0
      0.0003        30.0
      0.0003        30.0
      0.0001        30.0
      0.0002        30.0
      0.0002        30.0
      0.0001        30.0
      0.0001        30.0
      0.0006        30.0
      0.0001        30.0
      0.0001        30.0
      0.0006        30.0
      0.0002        30.0
      0.0001        30.0
      0.0001        30.0
      0.0001        30.0
      0.0002        30.0
      0.0007        30.0
      0.0003        30.0
      0.0009        30.0
      0.0001        30.0
      0.0003        30.0
      0.0001        30.0
      0.0004        30.0
      0.0001        30.0
      0.0002        30.0
      0.0003        30.0
      0.0001        30.0
      0.0002        30.0
      0.0001        30.0
      0.0001        30.0
      0.0001        30.0
      0.0001        30.0
      0.0002        30.0
      0.0002        30.0
      0.0001        30.0
      0.0003        30.0
      0.0001        30.0
      0.0002        30.0
      0.0001        30.0
      0.0003        30.0
      0.0001        30.0
      0.0001        30.0
      0.0001        30.0
      0.0005        30.0
      0.0009        30.0
      0.0001        30.0
      0.0002        30.0
      0.0005        30.0
      0.0001        30.0
      0.0009        30.0
      0.0008        30.0
      0.0005        30.0
      0.0001        30.0
      0.0002        30.0
      0.0006        30.0
      0.0002        30.0
      0.0003        30.0
      0.0002        30.0
      0.0003        30.0
      0.0003        30.0
      0.0004        30.0
      0.0001        30.0
      0.0006        30.0
      0.0001        30.0
      0.0001        30.0
      0.0001        30.0
      0.0001        30.0
      0.0001        30.0
      0.0003        30.0
      0.0001        30.0
      0.0008        30.0
      0.0001        30.0
      0.0010        30.0
      0.0002        30.0
      0.0002        30.0
      0.0001        30.0
      0.0001        30.0
      0.0001        30.0
      0.0001        30.0
      0.0006        30.0
      0.0004        30.0
      0.0001        30.0
      0.0001        30.0
      0.0005        30.0
      0.0003        30.0
      0.0001        30.0
      0.0003        30.0
      0.0001        30.0
      0.0001        30.0
      0.0001        30.0
      0.0001        30.0
      0.0001        30.0
      0.0001        30.0
      0.0006        30.0
      0.0001        30.0
      0.0002        30.0
      0.0001        30.0
      0.0007        30.0
      0.0001        30.0
      0.0008        30.0
      0.0002        30.0
      0.0001        30.0
      0.0003        30.0
      0.0001        30.0
      0.0002        30.0
      0.0001        30.0
      0.0001        30.0
      0.0001        30.0
      0.0001        30.0
      0.0011        30.0
      0.0009        30.0
      0.0007        30.0
      0.0001        30.0
      0.0001        30.0
      0.0001        30.0
      0.0001        30.0
      0.0002        30.0
      0.0001        30.0
      0.0002        30.0
      0.0001        30.0
      0.0001        30.0
      0.0003        30.0
      0.0001        30.0
      0.0003        30.0
      0.0002        30.0
      0.0004        30.0
      0.0002        30.0
      0.0001        30.0
      0.0003        30.0
      0.0001        30.0
      0.0007        30.0
      0.0004        30.0
      0.0013        30.0
      0.0002        30.0
      0.0002        30.0
      0.0003        30.0
      0.0003        30.0
      0.0001        30.0
      0.0001        30.0
      0.0005        30.0
      0.0002        30.0
      0.0001        30.0
      0.0004        30.0
      0.0001        30.0
      0.0002        30.0
      0.0001        30.0
      0.0001        30.0
      0.0002        30.0
      0.0001        30.0
      0.0003        30.0
      0.0004        30.0
      0.0001        30.0
      0.0002        30.0
      0.0001        30.0
      0.0002        30.0
      0.0002        30.0
      0.0006        30.0
      0.0001        30.0
      0.0001        30.0
      0.0002        30.0
      0.0005        30.0
      0.0004        30.0
      0.0002        30.0
      0.0005        30.0
      0.0003        30.0
      0.0005        30.0
      0.0002        30.0
      0.0001        30.0
      0.0001        30.0
      0.0003        30.0
      0.0003        30.0
      0.0001        30.0
      0.0005        30.0
      0.0003        30.0
      0.0001        30.0
      0.0001        30.0
      0.0001        30.0
      0.0002        30.0
      0.0006        30.0
      0.0001        30.0
      0.0001        30.0
      0.0003        30.0
      0.0006        30.0
      0.0002        30.0
      0.0001        30.0
      0.0004        30.0
      0.0001        30.0
      0.0002        30.0
      0.0001        30.0
      0.0001        30.0
      0.0005        30.0
      0.0001        30.0
      0.0001        30.0
      0.0001        30.0
      0.0004        30.0
      0.0003        30.0
      0.0002        30.0
      0.0002        30.0
      0.0002        30.0
      0.0001        30.0
      0.0006        30.0
      0.0002        30.0
      0.0001        30.0
      0.0008        30.0
      0.0002        30.0
      0.0003        30.0
      0.0002        30.0
      0.0003        30.0
      0.0002        30.0
      0.0003        30.0
      0.0003        30.0
      0.0001        30.0
      0.0003        30.0
      0.0002        30.0
      0.0001        30.0
      0.0001        30.0
      0.0004        30.0
      0.0003        30.0
      0.0001        30.0
      0.0001        30.0
      0.0001        30.0
      0.0003        30.0
      0.0001        30.0
      0.0001        30.0
      0.0002        30.0
      0.0002        30.0
      0.0004        30.0
      0.0006        30.0
      0.0004        30.0
      0.0002        30.0
      0.0001        30.0
      0.0001        30.0
      0.0001        30.0
      0.0002        30.0
      0.0004        30.0
      0.0010        30.0
      0.0002        30.0
      0.0003        30.0
      0.0001        30.0
      0.0001        30.0
      0.0001        30.0
      0.0001        30.0
      0.0005        30.0
      0.0003        30.0
      0.0003        30.0
      0.0003        30.0
      0.0001        30.0
      0.0001        30.0
      0.0001        30.0
      0.0002        30.0
      0.0001        30.0
      0.0004        30.0
      0.0004        30.0
      0.0004        30.0
      0.0003        30.0
      0.0001        30.0
      0.0002        30.0
      0.0003        30.0
      0.0001        30.0
      0.0001        30.0
      0.0005        30.0
      0.0002        30.0
      0.0002        30.0
      0.0001        30.0
      0.0002        30.0
      0.0001        30.0
      0.0001        30.0
      0.0002        30.0
      0.0004        30.0
      0.0002        30.0
      0.0001        30.0
      0.0002        30.0
      0.0001        30.0
      0.0001        30.0
      0.0002        30.0
      0.0002        30.0
      0.0001        30.0
      0.0003        30.0
      0.0001        30.0
      0.0007        30.0
      0.0004        30.0
      0.0004        30.0
      0.0002        30.0
      0.0004        30.0
      0.0001        30.0
      0.0001        30.0
      0.0001        30.0
      0.0003        30.0
      0.0001        30.0
      0.0001        30.0
      0.0002        30.0
      0.0001        30.0
      0.0003        30.0
      0.0004        30.0
      0.0001        30.0
      0.0001        30.0
      0.0002        30.0
      0.0001        30.0
      0.0002        30.0
      0.0001        30.0
      0.0004        30.0
      0.0005        30.0
      0.0001        30.0
      0.0001        30.0
      0.0001        30.0
      0.0001        30.0
      0.0004        30.0
      0.0001        30.0
      0.0001        30.0
      0.0001        30.0
      0.0001        30.0
      0.0004        30.0
      0.0001        30.0
      0.0001        30.0
      0.0001        30.0
      0.0001        30.0
      0.0008        30.0
      0.0001        30.0
      0.0002        30.0
      0.0004        30.0
      0.0004        30.0
      0.0003        30.0
      0.0003        30.0
      0.0002        30.0
      0.0008        30.0
      0.0001        30.0
      0.0004        30.0
      0.0004        30.0
      0.0002        30.0
      0.0002        30.0
      0.0009        30.0
      0.0001        30.0
      0.0001        30.0
      0.0001        30.0
      0.0001        30.0
      0.0002        30.0
      0.0001        30.0
      0.0001        30.0
      0.0001        30.0
      0.0001        30.0
      0.0002        30.0
      0.0001        30.0
      0.0002        30.0
      0.0003        30.0
      0.0003        30.0
      0.0001        30.0
      0.0001        30.0
      0.0004        30.0
      0.0003        30.0
      0.0001        30.0
      0.0001        30.0
      0.0001        30.0
      0.0002        30.0
      0.0002        30.0
      0.0001        30.0
      0.0002        30.0
      0.0001        30.0
      0.0001        30.0
      0.0003        30.0
      0.0001        30.0
      0.0001        30.0
      0.0003        30.0
      0.0002        30.0
      0.0001        30.0
      0.0006        30.0
      0.0001        30.0
      0.0001        30.0
      0.0001        30.0
      0.0001        30.0
      0.0001        30.0
      0.0001        30.0
      0.0001        30.0
      0.0001        30.0
      0.0001        30.0
      0.0003        30.0
      0.0001        30.0
      0.0001        30.0
      0.0001        30.0
      0.0001        30.0
      0.0001        30.0
      0.0003        30.0
      0.0003        30.0
      0.0001        30.0
      0.0004        30.0
      0.0003        30.0
      0.0001        30.0
      0.0002        30.0
      0.0002        30.0
      0.0001        30.0
      0.0001        30.0
      0.0003        30.0
      0.0002        30.0
      0.0005        30.0
      0.0001        30.0
      0.0006        30.0
      0.0001        30.0
      0.0002        30.0
      0.0003        30.0
      0.0002        30.0
      0.0001        30.0
      0.0004        30.0
      0.0002        30.0
      0.0002        30.0
      0.0001        30.0
      0.0001        30.0
      0.0003        30.0
      0.0001        30.0
      0.0001        30.0
      0.0001        30.0
      0.0009        30.0
      0.0002        30.0
      0.0007        30.0
      0.0013        30.0
      0.0001        30.0
      0.0002        30.0
      0.0003        30.0
      0.0001        30.0
      0.0001        30.0
      0.0001        30.0
      0.0001        30.0
      0.0002        30.0
      0.0004        30.0
      0.0001        30.0
      0.0007        30.0
      0.0001        30.0
      0.0001        30.0
      0.0001        30.0
      0.0001        30.0
      0.0002        30.0
      0.0004        30.0
      0.0001        30.0
      0.0002        30.0
      0.0002        30.0
      0.0001        30.0
      0.0006        30.0
      0.0001        30.0
      0.0003        30.0
      0.0001        30.0
      0.0001        30.0
      0.0005        30.0
      0.0001        30.0
      0.0001        30.0
      0.0001        30.0
      0.0001        30.0
      0.0001        30.0
      0.0001        30.0
      0.0001        30.0
      0.0001        30.0
      0.0002        30.0
      0.0001        30.0
      0.0004        30.0
      0.0002        30.0
      0.0001        30.0
      0.0001        30.0
      0.0001        30.0
      0.0003        30.0
      0.0001        30.0
      0.0001        30.0
      0.0005        30.0
      0.0001        30.0
      0.0001        30.0
      0.0001        30.0
      0.0001        30.0
      0.0006        30.0
      0.0005        30.0
      0.0003        30.0
      0.0003        30.0
      0.0011        30.0
      0.0001        30.0
      0.0001        30.0
      0.0001        30.0
      0.0001        30.0
      0.0001        30.0
      0.0001        30.0
      0.0001        30.0
      0.0001        30.0
      0.0001        30.0
      0.0002        30.0
      0.0002        30.0
      0.0001        30.0
      0.0006        30.0
      0.0001        30.0
      0.0001        30.0
      0.0001        30.0
      0.0004        30.0
      0.0001        30.0
      0.0001        30.0
      0.0002        30.0
      0.0001        30.0
      0.0004        30.0
      0.0002        30.0
      0.0001        30.0
      0.0001        30.0
      0.0001        30.0
      0.0004        30.0
      0.0001        30.0
      0.0001        30.0
      0.0001        30.0
      0.0001        30.0
      0.0001        30.0
      0.0003        30.0
      0.0003        30.0
      0.0004        30.0
      0.0001        30.0
      0.0002        30.0
      0.0002        30.0
      0.0001        30.0
      0.0003        30.0
      0.0001        30.0
      0.0001        30.0
      0.0001        30.0
      0.0001        30.0
      0.0003        30.0
      0.0001        30.0
      0.0001        30.0
      0.0004        30.0
      0.0008        30.0
      0.0004        30.0
      0.0004        30.0
      0.0001        30.0
      0.0002        30.0
      0.0001        30.0
      0.0003        30.0
      0.0001        30.0
      0.0005        30.0
      0.0001        30.0
      0.0003        30.0
      0.0004        30.0
      0.0001        30.0
      0.0001        30.0
      0.0003        30.0
      0.0001        30.0
      0.0001        30.0
      0.0002        30.0
      0.0001        30.0
      0.0001        30.0
      0.0001        30.0
      0.0002        30.0
      0.0001        30.0
      0.0004        30.0
      0.0003        30.0
      0.0006        30.0
      0.0001        30.0
      0.0003        30.0
      0.0008        30.0
      0.0001        30.0
      0.0002        30.0
      0.0003        30.0
      0.0003        30.0
      0.0001        30.0
      0.0001        30.0
