      0.0011        30.0
      0.0107        30.0
      0.0136        30.0
      0.0019        30.0
      0.0107        30.0
      0.0012        30.0
      0.0003        30.0
      0.0001        30.0
      0.0012        30.0
      0.0085        30.0
      0.0021        30.0
      0.0171        30.0
      0.0003        30.0
      0.0006        30.0
      0.0034        30.0
      0.0179        30.0
      0.0053        30.0
      0.0035        30.0
      0.0168        30.0
      0.0089        30.0
      0.0041        30.0
      0.0168        30.0
      0.0030        30.0
      0.0015        30.0
      0.0073        30.0
      0.0025        30.0
      0.0173        30.0
      0.0219        30.0
      0.0150        30.0
      0.0008        30.0
      0.0031        30.0
      0.0011        30.0
      0.0015        30.0
      0.0006        30.0
      0.0020        30.0
      0.0150        30.0
      0.0107        30.0
      0.0077        30.0
      0.0034        30.0
      0.0047        30.0
      0.0010        30.0
      0.0153        30.0
      0.0114        30.0
      0.0162        30.0
      0.0047        30.0
      0.0019        30.0
      0.0269        30.0
      0.0019        30.0
      0.0019        30.0
      0.0077        30.0
      0.0138        30.0
      0.0001        30.0
      0.0030        30.0
      0.0020        30.0
      0.0024        30.0
      0.0089        30.0
      0.0035        30.0
      0.0059        30.0
      0.0114        30.0
      0.0010        30.0
      0.0017        30.0
      0.0042        30.0
      0.0003        30.0
      0.0014        30.0
      0.0020        30.0
      0.0024        30.0
      0.0059        30.0
      0.0029        30.0
      0.0079        30.0
      0.0007        30.0
      0.0001        30.0
      0.0002        30.0
      0.0136        30.0
      0.0029        30.0
      0.0010        30.0
      0.0012        30.0
      0.0017        30.0
      0.0107        30.0
      0.0025        30.0
      0.0021        30.0
      0.0089        30.0
      0.0095        30.0
      0.0095        30.0
      0.0116        30.0
      0.0150        30.0
      0.0010        30.0
      0.0049        30.0
      0.0071        30.0
      0.0077        30.0
      0.0031        30.0
      0.0013        30.0
      0.0023        30.0
      0.0012        30.0
      0.0274        30.0
      0.0007        30.0
      0.0001        30.0
      0.0019        30.0
      0.0011        30.0
      0.0001        30.0
      0.0001        30.0
      0.0009        30.0
      0.0062        30.0
      0.0065        30.0
      0.0013        30.0
      0.0257        30.0
      0.0095        30.0
      0.0056        30.0
      0.0032        30.0
      0.0032        30.0
      0.0001        30.0
      0.0021        30.0
      0.0077        30.0
      0.0014        30.0
      0.0322        30.0
      0.0111        30.0
      0.0374        30.0
      0.0022        30.0
      0.0139        30.0
      0.0035        30.0
      0.0156        30.0
      0.0004        30.0
      0.0001        30.0
      0.0030        30.0
      0.0091        30.0
      0.0004        30.0
      0.0001        30.0
      0.0009        30.0
      0.0115        30.0
      0.0056        30.0
      0.0077        30.0
      0.0032        30.0
      0.0039        30.0
      0.0059        30.0
      0.0055        30.0
      0.0077        30.0
      0.0095        30.0
      0.0035        30.0
      0.0128        30.0
      0.0026        30.0
      0.0009        30.0
      0.0077        30.0
      0.0049        30.0
      0.0115        30.0
      0.0014        30.0
      0.0032        30.0
      0.0041        30.0
      0.0001        30.0
      0.0026        30.0
      0.0205        30.0
      0.0372        30.0
      0.0017        30.0
      0.0016        30.0
      0.0011        30.0
      0.0016        30.0
      0.0006        30.0
      0.0004        30.0
      0.0027        30.0
      0.0002        30.0
      0.0002        30.0
      0.0091        30.0
      0.0197        30.0
      0.0032        30.0
      0.0386        30.0
      0.0348        30.0
      0.0231        30.0
      0.0025        30.0
      0.0067        30.0
      0.0019        30.0
      0.0253        30.0
      0.0071        30.0
      0.0114        30.0
      0.0071        30.0
      0.0005        30.0
      0.0001        30.0
      0.0147        30.0
      0.0002        30.0
      0.0139        30.0
      0.0156        30.0
      0.0049        30.0
      0.0279        30.0
      0.0012        30.0
      0.0006        30.0
      0.0047        30.0
      0.0021        30.0
      0.0012        30.0
      0.0004        30.0
      0.0019        30.0
      0.0027        30.0
      0.0033        30.0
      0.0016        30.0
      0.0024        30.0
      0.0023        30.0
      0.0140        30.0
      0.0037        30.0
      0.0009        30.0
      0.0006        30.0
      0.0009        30.0
      0.0348        30.0
      0.0015        30.0
      0.0002        30.0
      0.0042        30.0
      0.0017        30.0
      0.0429        30.0
      0.0085        30.0
      0.0106        30.0
      0.0041        30.0
      0.0031        30.0
      0.0032        30.0
      0.0011        30.0
      0.0052        30.0
      0.0001        30.0
      0.0270        30.0
      0.0157        30.0
      0.0013        30.0
      0.0019        30.0
      0.0039        30.0
      0.0031        30.0
      0.0204        30.0
      0.0001        30.0
      0.0133        30.0
      0.0028        30.0
      0.0004        30.0
      0.0001        30.0
      0.0143        30.0
      0.0046        30.0
      0.0014        30.0
      0.0005        30.0
      0.0003        30.0
      0.0050        30.0
      0.0046        30.0
      0.0039        30.0
      0.0053        30.0
      0.0034        30.0
      0.0005        30.0
      0.0263        30.0
      0.0032        30.0
      0.0012        30.0
      0.0086        30.0
      0.0036        30.0
      0.0298        30.0
      0.0037        30.0
      0.0005        30.0
      0.0018        30.0
      0.0006        30.0
      0.0013        30.0
      0.0002        30.0
      0.0359        30.0
      0.0070        30.0
      0.0035        30.0
      0.0140        30.0
      0.0018        30.0
      0.0013        30.0
      0.0009        30.0
      0.0062        30.0
      0.0101        30.0
      0.0020        30.0
      0.0062        30.0
      0.0007        30.0
      0.0009        30.0
      0.0063        30.0
      0.0002        30.0
      0.0051        30.0
      0.0043        30.0
      0.0476        30.0
      0.0383        30.0
      0.0286        30.0
      0.0047        30.0
      0.0055        30.0
      0.0001        30.0
      0.0022        30.0
      0.0027        30.0
      0.0086        30.0
      0.0008        30.0
      0.0032        30.0
      0.0004        30.0
      0.0074        30.0
      0.0042        30.0
      0.0040        30.0
      0.0143        30.0
      0.0018        30.0
      0.0029        30.0
      0.0126        30.0
      0.0078        30.0
      0.0167        30.0
      0.0074        30.0
      0.0015        30.0
      0.0010        30.0
      0.0019        30.0
      0.0047        30.0
      0.0143        30.0
      0.0037        30.0
      0.0327        30.0
      0.0168        30.0
      0.0003        30.0
      0.0011        30.0
      0.0001        30.0
      0.0001        30.0
      0.0563        30.0
      0.0074        30.0
      0.0004        30.0
      0.0104        30.0
      0.0132        30.0
      0.0001        30.0
      0.0002        30.0
      0.0115        30.0
      0.0047        30.0
      0.0014        30.0
      0.0035        30.0
      0.0002        30.0
      0.0005        30.0
      0.0235        30.0
      0.0076        30.0
      0.0040        30.0
      0.0196        30.0
      0.0047        30.0
      0.0100        30.0
      0.0014        30.0
      0.0007        30.0
      0.0063        30.0
      0.0059        30.0
      0.0070        30.0
      0.0056        30.0
      0.0020        30.0
      0.0008        30.0
      0.0115        30.0
      0.0175        30.0
      0.0026        30.0
      0.0006        30.0
      0.0004        30.0
      0.0013        30.0
      0.0106        30.0
      0.0018        30.0
      0.0035        30.0
      0.0015        30.0
      0.0010        30.0
      0.0067        30.0
      0.0098        30.0
      0.0019        30.0
      0.0007        30.0
      0.0269        30.0
      0.0015        30.0
      0.0015        30.0
      0.0023        30.0
      0.0001        30.0
      0.0023        30.0
      0.0005        30.0
      0.0073        30.0
      0.0197        30.0
      0.0185        30.0
      0.0002        30.0
      0.0070        30.0
      0.0232        30.0
      0.0113        30.0
      0.0229        30.0
      0.0087        30.0
      0.0045        30.0
      0.0036        30.0
      0.0124        30.0
      0.0128        30.0
      0.0027        30.0
      0.0218        30.0
      0.0119        30.0
      0.0019        30.0
      0.0039        30.0
      0.0005        30.0
      0.0009        30.0
      0.0029        30.0
      0.0041        30.0
      0.0077        30.0
      0.0243        30.0
      0.0053        30.0
      0.0049        30.0
      0.0001        30.0
      0.0004        30.0
      0.0147        30.0
      0.0258        30.0
      0.0071        30.0
      0.0030        30.0
      0.0012        30.0
      0.0007        30.0
      0.0008        30.0
      0.0020        30.0
      0.0019        30.0
      0.0005        30.0
      0.0196        30.0
      0.0015        30.0
      0.0025        30.0
      0.0076        30.0
      0.0015        30.0
      0.0025        30.0
      0.0044        30.0
      0.0197        30.0
      0.0037        30.0
      0.0035        30.0
      0.0027        30.0
      0.0186        30.0
      0.0006        30.0
      0.0018        30.0
      0.0150        30.0
      0.0010        30.0
      0.0077        30.0
      0.0005        30.0
      0.0097        30.0
      0.0076        30.0
      0.0039        30.0
      0.0260        30.0
      0.0096        30.0
      0.0027        30.0
      0.0359        30.0
      0.0088        30.0
      0.0126        30.0
      0.0082        30.0
      0.0116        30.0
      0.0079        30.0
      0.0009        30.0
      0.0020        30.0
      0.0114        30.0
      0.0148        30.0
      0.0036        30.0
      0.0149        30.0
      0.0085        30.0
      0.0031        30.0
      0.0010        30.0
      0.0031        30.0
      0.0172        30.0
      0.0007        30.0
      0.0149        30.0
      0.0023        30.0
      0.0037        30.0
      0.0001        30.0
      0.0027        30.0
      0.0121        30.0
      0.0038        30.0
      0.0001        30.0
      0.0043        30.0
      0.0010        30.0
      0.0012        30.0
      0.0091        30.0
      0.0082        30.0
      0.0015        30.0
      0.0162        30.0
      0.0280        30.0
      0.0010        30.0
      0.0168        30.0
      0.0081        30.0
      0.0053        30.0
      0.0045        30.0
      0.0019        30.0
      0.0041        30.0
      0.0107        30.0
      0.0005        30.0
      0.0196        30.0
      0.0416        30.0
      0.0010        30.0
      0.0010        30.0
      0.0070        30.0
      0.0146        30.0
      0.0030        30.0
      0.0001        30.0
      0.0031        30.0
      0.0006        30.0
      0.0011        30.0
      0.0046        30.0
      0.0010        30.0
      0.0052        30.0
      0.0007        30.0
      0.0004        30.0
      0.0208        30.0
      0.0002        30.0
      0.0004        30.0
      0.0139        30.0
      0.0141        30.0
      0.0141        30.0
      0.0015        30.0
      0.0028        30.0
      0.0017        30.0
      0.0055        30.0
      0.0040        30.0
      0.0085        30.0
      0.0010        30.0
      0.0047        30.0
      0.0179        30.0
      0.0187        30.0
      0.0182        30.0
      0.0122        30.0
      0.0065        30.0
      0.0107        30.0
      0.0123        30.0
      0.0052        30.0
      0.0025        30.0
      0.0018        30.0
      0.0217        30.0
      0.0068        30.0
      0.0068        30.0
      0.0059        30.0
      0.0002        30.0
      0.0019        30.0
      0.0096        30.0
      0.0019        30.0
      0.0010        30.0
      0.0006        30.0
      0.0024        30.0
      0.0014        30.0
      0.0024        30.0
      0.0099        30.0
      0.0002        30.0
      0.0189        30.0
      0.0074        30.0
      0.0020        30.0
      0.0036        30.0
      0.0093        30.0
      0.0003        30.0
      0.0002        30.0
      0.0024        30.0
      0.0030        30.0
      0.0076        30.0
      0.0103        30.0
      0.0019        30.0
      0.0027        30.0
      0.0015        30.0
      0.0015        30.0
      0.0134        30.0
      0.0059        30.0
      0.0300        30.0
      0.0162        30.0
      0.0184        30.0
      0.0019        30.0
      0.0100        30.0
      0.0157        30.0
      0.0026        30.0
      0.0010        30.0
      0.0031        30.0
      0.0042        30.0
      0.0003        30.0
      0.0013        30.0
      0.0004        30.0
      0.0003        30.0
      0.0126        30.0
      0.0030        30.0
      0.0040        30.0
      0.0012        30.0
      0.0001        30.0
      0.0001        30.0
      0.0067        30.0
      0.0031        30.0
      0.0002        30.0
      0.0124        30.0
      0.0177        30.0
      0.0052        30.0
      0.0009        30.0
      0.0010        30.0
      0.0053        30.0
      0.0068        30.0
      0.0036        30.0
      0.0097        30.0
      0.0040        30.0
      0.0017        30.0
      0.0015        30.0
      0.0016        30.0
      0.0001        30.0
      0.0001        30.0
      0.0185        30.0
      0.0200        30.0
      0.0036        30.0
      0.0034        30.0
      0.0029        30.0
      0.0058        30.0
      0.0162        30.0
      0.0046        30.0
      0.0025        30.0
      0.0051        30.0
      0.0052        30.0
      0.0165        30.0
      0.0037        30.0
      0.0003        30.0
      0.0008        30.0
      0.0036        30.0
      0.0019        30.0
      0.0007        30.0
      0.0005        30.0
      0.0009        30.0
      0.0050        30.0
      0.0002        30.0
      0.0037        30.0
      0.0350        30.0
      0.0031        30.0
      0.0070        30.0
      0.0183        30.0
      0.0168        30.0
      0.0008        30.0
      0.0111        30.0
      0.0128        30.0
      0.0103        30.0
      0.0368        30.0
      0.0035        30.0
      0.0010        30.0
      0.0017        30.0
      0.0165        30.0
      0.0180        30.0
      0.0107        30.0
      0.0071        30.0
      0.0412        30.0
      0.0030        30.0
      0.0029        30.0
      0.0035        30.0
      0.0028        30.0
      0.0069        30.0
      0.0053        30.0
      0.0006        30.0
      0.0031        30.0
      0.0019        30.0
      0.0026        30.0
      0.0001        30.0
      0.0040        30.0
      0.0082        30.0
      0.0027        30.0
      0.0090        30.0
      0.0129        30.0
      0.0126        30.0
      0.0045        30.0
      0.0014        30.0
      0.0064        30.0
      0.0014        30.0
      0.0153        30.0
      0.0123        30.0
      0.0037        30.0
      0.0054        30.0
      0.0014        30.0
      0.0049        30.0
      0.0069        30.0
      0.0087        30.0
      0.0063        30.0
      0.0072        30.0
      0.0055        30.0
      0.0028        30.0
      0.0110        30.0
      0.0041        30.0
      0.0037        30.0
      0.0147        30.0
      0.0071        30.0
      0.0041        30.0
      0.0009        30.0
      0.0010        30.0
      0.0254        30.0
      0.0004        30.0
      0.0047        30.0
      0.0015        30.0
      0.0026        30.0
      0.0012        30.0
      0.0040        30.0
      0.0012        30.0
      0.0041        30.0
      0.0012        30.0
      0.0013        30.0
      0.0008        30.0
      0.0002        30.0
      0.0003        30.0
      0.0047        30.0
      0.0026        30.0
      0.0011        30.0
      0.0010        30.0
      0.0030        30.0
      0.0022        30.0
      0.0034        30.0
      0.0138        30.0
      0.0025        30.0
      0.0021        30.0
      0.0006        30.0
      0.0038        30.0
      0.0057        30.0
      0.0048        30.0
      0.0053        30.0
      0.0001        30.0
      0.0011        30.0
      0.0009        30.0
      0.0021        30.0
      0.0009        30.0
      0.0118        30.0
      0.0004        30.0
      0.0009        30.0
      0.0137        30.0
      0.0062        30.0
      0.0018        30.0
      0.0001        30.0
      0.0179        30.0
      0.0120        30.0
      0.0039        30.0
      0.0070        30.0
      0.0084        30.0
      0.0030        30.0
      0.0019        30.0
      0.0027        30.0
      0.0123        30.0
      0.0071        30.0
      0.0218        30.0
      0.0037        30.0
      0.0003        30.0
      0.0275        30.0
      0.0017        30.0
      0.0062        30.0
      0.0016        30.0
      0.0016        30.0
      0.0074        30.0
      0.0137        30.0
      0.0073        30.0
      0.0016        30.0
      0.0036        30.0
      0.0002        30.0
      0.0180        30.0
      0.0008        30.0
      0.0001        30.0
      0.0082        30.0
      0.0014        30.0
      0.0068        30.0
      0.0043        30.0
      0.0011        30.0
      0.0027        30.0
      0.0121        30.0
      0.0010        30.0
      0.0008        30.0
      0.0027        30.0
      0.0063        30.0
      0.0001        30.0
      0.0021        30.0
      0.0033        30.0
      0.0378        30.0
      0.0016        30.0
      0.0079        30.0
      0.0286        30.0
      0.0020        30.0
      0.0001        30.0
      0.0009        30.0
      0.0548        30.0
      0.0021        30.0
      0.0051        30.0
      0.0021        30.0
      0.0015        30.0
      0.0076        30.0
      0.0124        30.0
      0.0033        30.0
      0.0003        30.0
      0.0002        30.0
      0.0045        30.0
      0.0028        30.0
      0.0008        30.0
      0.0001        30.0
      0.0007        30.0
      0.0060        30.0
      0.0012        30.0
      0.0003        30.0
      0.0074        30.0
      0.0174        30.0
      0.0057        30.0
      0.0016        30.0
      0.0009        30.0
      0.0324        30.0
      0.0035        30.0
      0.0016        30.0
      0.0027        30.0
      0.0005        30.0
      0.0016        30.0
      0.0001        30.0
      0.0003        30.0
      0.0048        30.0
      0.0045        30.0
      0.0106        30.0
      0.0155        30.0
      0.0035        30.0
      0.0070        30.0
      0.0106        30.0
      0.0014        30.0
      0.0007        30.0
      0.0040        30.0
      0.0260        30.0
      0.0053        30.0
      0.0125        30.0
      0.0021        30.0
      0.0019        30.0
      0.0008        30.0
      0.0003        30.0
      0.0004        30.0
      0.0003        30.0
      0.0002        30.0
      0.0048        30.0
      0.0011        30.0
      0.0021        30.0
      0.0006        30.0
      0.0020        30.0
      0.0030        30.0
      0.0199        30.0
      0.0064        30.0
      0.0050        30.0
      0.0014        30.0
      0.0001        30.0
      0.0019        30.0
      0.0036        30.0
      0.0027        30.0
      0.0018        30.0
      0.0031        30.0
      0.0002        30.0
      0.0046        30.0
      0.0042        30.0
      0.0050        30.0
      0.0082        30.0
      0.0048        30.0
      0.0171        30.0
      0.0096        30.0
      0.0020        30.0
      0.0062        30.0
      0.0002        30.0
      0.0001        30.0
      0.0027        30.0
      0.0034        30.0
      0.0152        30.0
      0.0050        30.0
      0.0052        30.0
      0.0229        30.0
      0.0033        30.0
      0.0057        30.0
      0.0031        30.0
      0.0022        30.0
      0.0249        30.0
      0.0221        30.0
      0.0143        30.0
      0.0115        30.0
      0.0477        30.0
      0.0027        30.0
      0.0059        30.0
      0.0033        30.0
      0.0016        30.0
      0.0026        30.0
      0.0049        30.0
      0.0063        30.0
      0.0025        30.0
      0.0057        30.0
      0.0019        30.0
      0.0005        30.0
      0.0002        30.0
      0.0040        30.0
      0.0015        30.0
      0.0079        30.0
      0.0090        30.0
      0.0013        30.0
      0.0001        30.0
      0.0015        30.0
      0.0007        30.0
      0.0042        30.0
      0.0014        30.0
      0.0244        30.0
      0.0025        30.0
      0.0008        30.0
      0.0003        30.0
      0.0036        30.0
      0.0028        30.0
      0.0175        30.0
      0.0062        30.0
      0.0006        30.0
      0.0012        30.0
      0.0029        30.0
      0.0001        30.0
      0.0081        30.0
      0.0050        30.0
      0.0166        30.0
      0.0011        30.0
      0.0106        30.0
      0.0008        30.0
      0.0003        30.0
      0.0006        30.0
      0.0057        30.0
      0.0008        30.0
      0.0008        30.0
      0.0037        30.0
      0.0027        30.0
      0.0004        30.0
      0.0013        30.0
      0.0159        30.0
      0.0006        30.0
      0.0054        30.0
      0.0021        30.0
      0.0004        30.0
      0.0040        30.0
      0.0055        30.0
      0.0027        30.0
      0.0025        30.0
      0.0120        30.0
      0.0142        30.0
      0.0159        30.0
      0.0011        30.0
      0.0030        30.0
      0.0084        30.0
      0.0093        30.0
      0.0032        30.0
      0.0016        30.0
      0.0124        30.0
      0.0041        30.0
      0.0001        30.0
      0.0005        30.0
      0.0032        30.0
      0.0005        30.0
      0.0035        30.0
      0.0002        30.0
      0.0037        30.0
      0.0115        30.0
      0.0039        30.0
      0.0028        30.0
      0.0156        30.0
      0.0344        30.0
      0.0178        30.0
      0.0156        30.0
      0.0008        30.0
      0.0062        30.0
      0.0084        30.0
      0.0018        30.0
      0.0018        30.0
      0.0018        30.0
      0.0025        30.0
      0.0006        30.0
      0.0008        30.0
      0.0114        30.0
      0.0039        30.0
      0.0197        30.0
      0.0013        30.0
      0.0044        30.0
      0.0128        30.0
      0.0010        30.0
      0.0014        30.0
      0.0001        30.0
      0.0172        30.0
      0.0010        30.0
      0.0053        30.0
      0.0011        30.0
      0.0031        30.0
      0.0002        30.0
      0.0144        30.0
      0.0031        30.0
      0.0047        30.0
      0.0071        30.0
      0.0001        30.0
      0.0027        30.0
      0.0041        30.0
      0.0019        30.0
      0.0007        30.0
      0.0005        30.0
      0.0024        30.0
      0.0003        30.0
      0.0067        30.0
      0.0064        30.0
      0.0180        30.0
      0.0006        30.0
      0.0006        30.0
      0.0114        30.0
      0.0260        30.0
      0.0054        30.0
      0.0138        30.0
      0.0336        30.0
      0.0033        30.0
      0.0107        30.0
      0.0140        30.0
      0.0125        30.0
      0.0001        30.0
      0.0041        30.0
      0.0052        30.0
