      0.0003        30.0
      0.0032        30.0
      0.0040        30.0
      0.0006        30.0
      0.0032        30.0
      0.0004        30.0
      0.0001        30.0
      0.0004        30.0
      0.0025        30.0
      0.0006        30.0
      0.0050        30.0
      0.0001        30.0
      0.0002        30.0
      0.0010        30.0
      0.0053        30.0
      0.0016        30.0
      0.0010        30.0
      0.0049        30.0
      0.0026        30.0
      0.0012        30.0
      0.0049        30.0
      0.0009        30.0
      0.0004        30.0
      0.0021        30.0
      0.0007        30.0
      0.0051        30.0
      0.0065        30.0
      0.0044        30.0
      0.0002        30.0
      0.0009        30.0
      0.0003        30.0
      0.0004        30.0
      0.0002        30.0
      0.0006        30.0
      0.0044        30.0
      0.0032        30.0
      0.0023        30.0
      0.0010        30.0
      0.0014        30.0
      0.0003        30.0
      0.0045        30.0
      0.0033        30.0
      0.0048        30.0
      0.0014        30.0
      0.0006        30.0
      0.0079        30.0
      0.0006        30.0
      0.0006        30.0
      0.0023        30.0
      0.0041        30.0
      0.0009        30.0
      0.0006        30.0
      0.0007        30.0
      0.0026        30.0
      0.0010        30.0
      0.0017        30.0
      0.0033        30.0
      0.0003        30.0
      0.0005        30.0
      0.0012        30.0
      0.0001        30.0
      0.0004        30.0
      0.0006        30.0
      0.0007        30.0
      0.0017        30.0
      0.0008        30.0
      0.0023        30.0
      0.0002        30.0
      0.0001        30.0
      0.0040        30.0
      0.0009        30.0
      0.0003        30.0
      0.0004        30.0
      0.0005        30.0
      0.0032        30.0
      0.0007        30.0
      0.0006        30.0
      0.0026        30.0
      0.0028        30.0
      0.0028        30.0
      0.0034        30.0
      0.0044        30.0
      0.0003        30.0
      0.0014        30.0
      0.0021        30.0
      0.0023        30.0
      0.0009        30.0
      0.0004        30.0
      0.0007        30.0
      0.0003        30.0
      0.0081        30.0
      0.0002        30.0
      0.0006        30.0
      0.0003        30.0
      0.0003        30.0
      0.0018        30.0
      0.0019        30.0
      0.0004        30.0
      0.0076        30.0
      0.0028        30.0
      0.0017        30.0
      0.0009        30.0
      0.0009        30.0
      0.0006        30.0
      0.0023        30.0
      0.0004        30.0
      0.0095        30.0
      0.0033        30.0
      0.0110        30.0
      0.0006        30.0
      0.0041        30.0
      0.0010        30.0
      0.0046        30.0
      0.0001        30.0
      0.0009        30.0
      0.0027        30.0
      0.0001        30.0
      0.0003        30.0
      0.0034        30.0
      0.0017        30.0
      0.0023        30.0
      0.0009        30.0
      0.0011        30.0
      0.0017        30.0
      0.0016        30.0
      0.0023        30.0
      0.0028        30.0
      0.0010        30.0
      0.0038        30.0
      0.0008        30.0
      0.0003        30.0
      0.0023        30.0
      0.0014        30.0
      0.0034        30.0
      0.0004        30.0
      0.0009        30.0
      0.0012        30.0
      0.0008        30.0
      0.0060        30.0
      0.0109        30.0
      0.0005        30.0
      0.0005        30.0
      0.0003        30.0
      0.0005        30.0
      0.0002        30.0
      0.0001        30.0
      0.0008        30.0
      0.0001        30.0
      0.0001        30.0
      0.0027        30.0
      0.0058        30.0
      0.0009        30.0
      0.0114        30.0
      0.0102        30.0
      0.0068        30.0
      0.0007        30.0
      0.0020        30.0
      0.0006        30.0
      0.0074        30.0
      0.0021        30.0
      0.0034        30.0
      0.0021        30.0
      0.0002        30.0
      0.0043        30.0
      0.0041        30.0
      0.0046        30.0
      0.0014        30.0
      0.0082        30.0
      0.0003        30.0
      0.0002        30.0
      0.0014        30.0
      0.0006        30.0
      0.0003        30.0
      0.0001        30.0
      0.0006        30.0
      0.0008        30.0
      0.0010        30.0
      0.0005        30.0
      0.0007        30.0
      0.0007        30.0
      0.0041        30.0
      0.0011        30.0
      0.0003        30.0
      0.0002        30.0
      0.0003        30.0
      0.0102        30.0
      0.0004        30.0
      0.0001        30.0
      0.0012        30.0
      0.0005        30.0
      0.0126        30.0
      0.0025        30.0
      0.0031        30.0
      0.0012        30.0
      0.0009        30.0
      0.0009        30.0
      0.0003        30.0
      0.0015        30.0
      0.0079        30.0
      0.0046        30.0
      0.0004        30.0
      0.0006        30.0
      0.0012        30.0
      0.0009        30.0
      0.0060        30.0
      0.0039        30.0
      0.0008        30.0
      0.0001        30.0
      0.0042        30.0
      0.0013        30.0
      0.0004        30.0
      0.0001        30.0
      0.0001        30.0
      0.0015        30.0
      0.0013        30.0
      0.0011        30.0
      0.0016        30.0
      0.0010        30.0
      0.0001        30.0
      0.0077        30.0
      0.0009        30.0
      0.0003        30.0
      0.0025        30.0
      0.0011        30.0
      0.0088        30.0
      0.0011        30.0
      0.0001        30.0
      0.0005        30.0
      0.0002        30.0
      0.0004        30.0
      0.0001        30.0
      0.0106        30.0
      0.0020        30.0
      0.0010        30.0
      0.0041        30.0
      0.0005        30.0
      0.0004        30.0
      0.0003        30.0
      0.0018        30.0
      0.0030        30.0
      0.0006        30.0
      0.0018        30.0
      0.0002        30.0
      0.0003        30.0
      0.0019        30.0
      0.0001        30.0
      0.0015        30.0
      0.0013        30.0
      0.0140        30.0
      0.0113        30.0
      0.0084        30.0
      0.0014        30.0
      0.0016        30.0
      0.0006        30.0
      0.0008        30.0
      0.0025        30.0
      0.0002        30.0
      0.0009        30.0
      0.0001        30.0
      0.0022        30.0
      0.0012        30.0
      0.0012        30.0
      0.0042        30.0
      0.0005        30.0
      0.0009        30.0
      0.0037        30.0
      0.0023        30.0
      0.0049        30.0
      0.0022        30.0
      0.0004        30.0
      0.0003        30.0
      0.0006        30.0
      0.0014        30.0
      0.0042        30.0
      0.0011        30.0
      0.0096        30.0
      0.0049        30.0
      0.0001        30.0
      0.0003        30.0
      0.0166        30.0
      0.0022        30.0
      0.0001        30.0
      0.0031        30.0
      0.0039        30.0
      0.0001        30.0
      0.0034        30.0
      0.0014        30.0
      0.0004        30.0
      0.0010        30.0
      0.0001        30.0
      0.0002        30.0
      0.0069        30.0
      0.0022        30.0
      0.0012        30.0
      0.0058        30.0
      0.0014        30.0
      0.0029        30.0
      0.0004        30.0
      0.0002        30.0
      0.0019        30.0
      0.0017        30.0
      0.0020        30.0
      0.0016        30.0
      0.0006        30.0
      0.0002        30.0
      0.0034        30.0
      0.0051        30.0
      0.0008        30.0
      0.0002        30.0
      0.0001        30.0
      0.0004        30.0
      0.0031        30.0
      0.0005        30.0
      0.0010        30.0
      0.0004        30.0
      0.0003        30.0
      0.0020        30.0
      0.0029        30.0
      0.0006        30.0
      0.0002        30.0
      0.0079        30.0
      0.0004        30.0
      0.0004        30.0
      0.0007        30.0
      0.0007        30.0
      0.0001        30.0
      0.0021        30.0
      0.0058        30.0
      0.0054        30.0
      0.0021        30.0
      0.0068        30.0
      0.0033        30.0
      0.0067        30.0
      0.0025        30.0
      0.0013        30.0
      0.0011        30.0
      0.0036        30.0
      0.0038        30.0
      0.0008        30.0
      0.0064        30.0
      0.0035        30.0
      0.0006        30.0
      0.0012        30.0
      0.0001        30.0
      0.0003        30.0
      0.0009        30.0
      0.0012        30.0
      0.0023        30.0
      0.0071        30.0
      0.0016        30.0
      0.0014        30.0
      0.0001        30.0
      0.0043        30.0
      0.0076        30.0
      0.0021        30.0
      0.0009        30.0
      0.0004        30.0
      0.0002        30.0
      0.0002        30.0
      0.0006        30.0
      0.0006        30.0
      0.0001        30.0
      0.0058        30.0
      0.0004        30.0
      0.0007        30.0
      0.0022        30.0
      0.0004        30.0
      0.0007        30.0
      0.0013        30.0
      0.0058        30.0
      0.0011        30.0
      0.0010        30.0
      0.0008        30.0
      0.0055        30.0
      0.0002        30.0
      0.0005        30.0
      0.0044        30.0
      0.0003        30.0
      0.0023        30.0
      0.0001        30.0
      0.0029        30.0
      0.0022        30.0
      0.0011        30.0
      0.0077        30.0
      0.0028        30.0
      0.0008        30.0
      0.0106        30.0
      0.0026        30.0
      0.0037        30.0
      0.0024        30.0
      0.0034        30.0
      0.0023        30.0
      0.0003        30.0
      0.0006        30.0
      0.0034        30.0
      0.0043        30.0
      0.0011        30.0
      0.0044        30.0
      0.0025        30.0
      0.0009        30.0
      0.0003        30.0
      0.0009        30.0
      0.0051        30.0
      0.0002        30.0
      0.0044        30.0
      0.0007        30.0
      0.0011        30.0
      0.0008        30.0
      0.0036        30.0
      0.0011        30.0
      0.0013        30.0
      0.0003        30.0
      0.0004        30.0
      0.0027        30.0
      0.0024        30.0
      0.0004        30.0
      0.0048        30.0
      0.0082        30.0
      0.0003        30.0
      0.0049        30.0
      0.0024        30.0
      0.0016        30.0
      0.0013        30.0
      0.0006        30.0
      0.0012        30.0
      0.0032        30.0
      0.0001        30.0
      0.0058        30.0
      0.0122        30.0
      0.0003        30.0
      0.0003        30.0
      0.0021        30.0
      0.0043        30.0
      0.0009        30.0
      0.0009        30.0
      0.0002        30.0
      0.0003        30.0
      0.0013        30.0
      0.0003        30.0
      0.0015        30.0
      0.0002        30.0
      0.0001        30.0
      0.0061        30.0
      0.0001        30.0
      0.0001        30.0
      0.0041        30.0
      0.0042        30.0
      0.0042        30.0
      0.0004        30.0
      0.0008        30.0
      0.0005        30.0
      0.0016        30.0
      0.0012        30.0
      0.0025        30.0
      0.0003        30.0
      0.0014        30.0
      0.0053        30.0
      0.0055        30.0
      0.0053        30.0
      0.0036        30.0
      0.0019        30.0
      0.0032        30.0
      0.0036        30.0
      0.0015        30.0
      0.0007        30.0
      0.0005        30.0
      0.0064        30.0
      0.0020        30.0
      0.0020        30.0
      0.0017        30.0
      0.0001        30.0
      0.0005        30.0
      0.0028        30.0
      0.0005        30.0
      0.0003        30.0
      0.0002        30.0
      0.0007        30.0
      0.0004        30.0
      0.0007        30.0
      0.0029        30.0
      0.0001        30.0
      0.0056        30.0
      0.0022        30.0
      0.0006        30.0
      0.0011        30.0
      0.0027        30.0
      0.0001        30.0
      0.0001        30.0
      0.0007        30.0
      0.0009        30.0
      0.0022        30.0
      0.0030        30.0
      0.0006        30.0
      0.0008        30.0
      0.0004        30.0
      0.0004        30.0
      0.0039        30.0
      0.0017        30.0
      0.0088        30.0
      0.0048        30.0
      0.0054        30.0
      0.0005        30.0
      0.0030        30.0
      0.0046        30.0
      0.0008        30.0
      0.0003        30.0
      0.0009        30.0
      0.0012        30.0
      0.0001        30.0
      0.0004        30.0
      0.0001        30.0
      0.0001        30.0
      0.0037        30.0
      0.0009        30.0
      0.0012        30.0
      0.0004        30.0
      0.0020        30.0
      0.0009        30.0
      0.0037        30.0
      0.0052        30.0
      0.0015        30.0
      0.0003        30.0
      0.0003        30.0
      0.0016        30.0
      0.0020        30.0
      0.0011        30.0
      0.0029        30.0
      0.0012        30.0
      0.0005        30.0
      0.0004        30.0
      0.0005        30.0
      0.0054        30.0
      0.0059        30.0
      0.0011        30.0
      0.0010        30.0
      0.0009        30.0
      0.0017        30.0
      0.0048        30.0
      0.0013        30.0
      0.0007        30.0
      0.0015        30.0
      0.0015        30.0
      0.0049        30.0
      0.0011        30.0
      0.0001        30.0
      0.0002        30.0
      0.0011        30.0
      0.0005        30.0
      0.0002        30.0
      0.0002        30.0
      0.0003        30.0
      0.0015        30.0
      0.0001        30.0
      0.0011        30.0
      0.0103        30.0
      0.0009        30.0
      0.0020        30.0
      0.0054        30.0
      0.0049        30.0
      0.0002        30.0
      0.0033        30.0
      0.0038        30.0
      0.0030        30.0
      0.0108        30.0
      0.0010        30.0
      0.0003        30.0
      0.0005        30.0
      0.0048        30.0
      0.0053        30.0
      0.0032        30.0
      0.0021        30.0
      0.0121        30.0
      0.0009        30.0
      0.0009        30.0
      0.0010        30.0
      0.0008        30.0
      0.0020        30.0
      0.0016        30.0
      0.0002        30.0
      0.0009        30.0
      0.0005        30.0
      0.0008        30.0
      0.0012        30.0
      0.0024        30.0
      0.0008        30.0
      0.0026        30.0
      0.0038        30.0
      0.0037        30.0
      0.0013        30.0
      0.0004        30.0
      0.0019        30.0
      0.0004        30.0
      0.0045        30.0
      0.0036        30.0
      0.0011        30.0
      0.0016        30.0
      0.0004        30.0
      0.0014        30.0
      0.0020        30.0
      0.0026        30.0
      0.0018        30.0
      0.0021        30.0
      0.0016        30.0
      0.0008        30.0
      0.0032        30.0
      0.0012        30.0
      0.0011        30.0
      0.0043        30.0
      0.0021        30.0
      0.0012        30.0
      0.0003        30.0
      0.0003        30.0
      0.0075        30.0
      0.0001        30.0
      0.0014        30.0
      0.0004        30.0
      0.0008        30.0
      0.0003        30.0
      0.0012        30.0
      0.0003        30.0
      0.0012        30.0
      0.0004        30.0
      0.0004        30.0
      0.0002        30.0
      0.0001        30.0
      0.0001        30.0
      0.0014        30.0
      0.0008        30.0
      0.0003        30.0
      0.0003        30.0
      0.0009        30.0
      0.0006        30.0
      0.0010        30.0
      0.0041        30.0
      0.0007        30.0
      0.0006        30.0
      0.0002        30.0
      0.0011        30.0
      0.0017        30.0
      0.0014        30.0
      0.0015        30.0
      0.0003        30.0
      0.0003        30.0
      0.0006        30.0
      0.0003        30.0
      0.0035        30.0
      0.0001        30.0
      0.0003        30.0
      0.0040        30.0
      0.0018        30.0
      0.0005        30.0
      0.0053        30.0
      0.0035        30.0
      0.0012        30.0
      0.0020        30.0
      0.0025        30.0
      0.0009        30.0
      0.0006        30.0
      0.0008        30.0
      0.0036        30.0
      0.0021        30.0
      0.0064        30.0
      0.0011        30.0
      0.0001        30.0
      0.0081        30.0
      0.0005        30.0
      0.0018        30.0
      0.0005        30.0
      0.0005        30.0
      0.0022        30.0
      0.0040        30.0
      0.0021        30.0
      0.0005        30.0
      0.0011        30.0
      0.0001        30.0
      0.0053        30.0
      0.0002        30.0
      0.0024        30.0
      0.0004        30.0
      0.0020        30.0
      0.0013        30.0
      0.0003        30.0
      0.0008        30.0
      0.0036        30.0
      0.0003        30.0
      0.0002        30.0
      0.0008        30.0
      0.0019        30.0
      0.0006        30.0
      0.0010        30.0
      0.0111        30.0
      0.0005        30.0
      0.0023        30.0
      0.0084        30.0
      0.0006        30.0
      0.0003        30.0
      0.0161        30.0
      0.0006        30.0
      0.0015        30.0
      0.0006        30.0
      0.0004        30.0
      0.0022        30.0
      0.0037        30.0
      0.0010        30.0
      0.0001        30.0
      0.0013        30.0
      0.0008        30.0
      0.0002        30.0
      0.0002        30.0
      0.0018        30.0
      0.0004        30.0
      0.0001        30.0
      0.0022        30.0
      0.0051        30.0
      0.0017        30.0
      0.0005        30.0
      0.0003        30.0
      0.0095        30.0
      0.0010        30.0
      0.0005        30.0
      0.0008        30.0
      0.0002        30.0
      0.0005        30.0
      0.0001        30.0
      0.0014        30.0
      0.0013        30.0
      0.0031        30.0
      0.0045        30.0
      0.0010        30.0
      0.0021        30.0
      0.0031        30.0
      0.0004        30.0
      0.0002        30.0
      0.0012        30.0
      0.0076        30.0
      0.0016        30.0
      0.0037        30.0
      0.0006        30.0
      0.0006        30.0
      0.0002        30.0
      0.0001        30.0
      0.0001        30.0
      0.0001        30.0
      0.0001        30.0
      0.0014        30.0
      0.0003        30.0
      0.0006        30.0
      0.0002        30.0
      0.0006        30.0
      0.0009        30.0
      0.0059        30.0
      0.0019        30.0
      0.0015        30.0
      0.0004        30.0
      0.0006        30.0
      0.0010        30.0
      0.0008        30.0
      0.0005        30.0
      0.0009        30.0
      0.0013        30.0
      0.0012        30.0
      0.0015        30.0
      0.0024        30.0
      0.0014        30.0
      0.0050        30.0
      0.0028        30.0
      0.0006        30.0
      0.0018        30.0
      0.0001        30.0
      0.0008        30.0
      0.0010        30.0
      0.0045        30.0
      0.0015        30.0
      0.0015        30.0
      0.0067        30.0
      0.0010        30.0
      0.0017        30.0
      0.0009        30.0
      0.0006        30.0
      0.0073        30.0
      0.0065        30.0
      0.0042        30.0
      0.0034        30.0
      0.0140        30.0
      0.0008        30.0
      0.0017        30.0
      0.0010        30.0
      0.0005        30.0
      0.0008        30.0
      0.0014        30.0
      0.0018        30.0
      0.0007        30.0
      0.0017        30.0
      0.0006        30.0
      0.0002        30.0
      0.0001        30.0
      0.0012        30.0
      0.0005        30.0
      0.0023        30.0
      0.0026        30.0
      0.0004        30.0
      0.0004        30.0
      0.0002        30.0
      0.0012        30.0
      0.0004        30.0
      0.0072        30.0
      0.0007        30.0
      0.0002        30.0
      0.0001        30.0
      0.0011        30.0
      0.0008        30.0
      0.0051        30.0
      0.0018        30.0
      0.0002        30.0
      0.0003        30.0
      0.0008        30.0
      0.0024        30.0
      0.0015        30.0
      0.0049        30.0
      0.0003        30.0
      0.0031        30.0
      0.0002        30.0
      0.0001        30.0
      0.0002        30.0
      0.0017        30.0
      0.0002        30.0
      0.0002        30.0
      0.0011        30.0
      0.0008        30.0
      0.0001        30.0
      0.0004        30.0
      0.0047        30.0
      0.0002        30.0
      0.0016        30.0
      0.0006        30.0
      0.0001        30.0
      0.0012        30.0
      0.0016        30.0
      0.0008        30.0
      0.0007        30.0
      0.0035        30.0
      0.0042        30.0
      0.0047        30.0
      0.0003        30.0
      0.0009        30.0
      0.0025        30.0
      0.0027        30.0
      0.0009        30.0
      0.0005        30.0
      0.0036        30.0
      0.0012        30.0
      0.0002        30.0
      0.0009        30.0
      0.0001        30.0
      0.0010        30.0
      0.0001        30.0
      0.0011        30.0
      0.0034        30.0
      0.0012        30.0
      0.0008        30.0
      0.0046        30.0
      0.0101        30.0
      0.0052        30.0
      0.0046        30.0
      0.0002        30.0
      0.0018        30.0
      0.0025        30.0
      0.0005        30.0
      0.0005        30.0
      0.0005        30.0
      0.0007        30.0
      0.0002        30.0
      0.0002        30.0
      0.0033        30.0
      0.0011        30.0
      0.0058        30.0
      0.0004        30.0
      0.0013        30.0
      0.0038        30.0
      0.0003        30.0
      0.0004        30.0
      0.0051        30.0
      0.0003        30.0
      0.0016        30.0
      0.0003        30.0
      0.0009        30.0
      0.0001        30.0
      0.0042        30.0
      0.0009        30.0
      0.0014        30.0
      0.0021        30.0
      0.0008        30.0
      0.0012        30.0
      0.0006        30.0
      0.0002        30.0
      0.0001        30.0
      0.0007        30.0
      0.0001        30.0
      0.0020        30.0
      0.0019        30.0
      0.0053        30.0
      0.0002        30.0
      0.0002        30.0
      0.0033        30.0
      0.0077        30.0
      0.0016        30.0
      0.0041        30.0
      0.0099        30.0
      0.0010        30.0
      0.0032        30.0
      0.0041        30.0
      0.0037        30.0
      0.0012        30.0
      0.0015        30.0
