      0.0007        30.0
      0.0070        30.0
      0.0089        30.0
      0.0013        30.0
      0.0070        30.0
      0.0008        30.0
      0.0002        30.0
      0.0001        30.0
      0.0008        30.0
      0.0056        30.0
      0.0013        30.0
      0.0112        30.0
      0.0002        30.0
      0.0004        30.0
      0.0023        30.0
      0.0118        30.0
      0.0035        30.0
      0.0023        30.0
      0.0110        30.0
      0.0058        30.0
      0.0027        30.0
      0.0110        30.0
      0.0020        30.0
      0.0010        30.0
      0.0048        30.0
      0.0016        30.0
      0.0114        30.0
      0.0144        30.0
      0.0098        30.0
      0.0005        30.0
      0.0020        30.0
      0.0007        30.0
      0.0010        30.0
      0.0004        30.0
      0.0013        30.0
      0.0098        30.0
      0.0070        30.0
      0.0050        30.0
      0.0023        30.0
      0.0031        30.0
      0.0007        30.0
      0.0100        30.0
      0.0074        30.0
      0.0106        30.0
      0.0031        30.0
      0.0013        30.0
      0.0176        30.0
      0.0013        30.0
      0.0013        30.0
      0.0050        30.0
      0.0090        30.0
      0.0001        30.0
      0.0020        30.0
      0.0013        30.0
      0.0016        30.0
      0.0058        30.0
      0.0023        30.0
      0.0039        30.0
      0.0074        30.0
      0.0007        30.0
      0.0011        30.0
      0.0028        30.0
      0.0002        30.0
      0.0009        30.0
      0.0013        30.0
      0.0016        30.0
      0.0038        30.0
      0.0019        30.0
      0.0052        30.0
      0.0005        30.0
      0.0001        30.0
      0.0001        30.0
      0.0089        30.0
      0.0019        30.0
      0.0007        30.0
      0.0008        30.0
      0.0011        30.0
      0.0070        30.0
      0.0016        30.0
      0.0014        30.0
      0.0058        30.0
      0.0062        30.0
      0.0062        30.0
      0.0076        30.0
      0.0098        30.0
      0.0007        30.0
      0.0032        30.0
      0.0046        30.0
      0.0050        30.0
      0.0020        30.0
      0.0008        30.0
      0.0015        30.0
      0.0008        30.0
      0.0180        30.0
      0.0005        30.0
      0.0001        30.0
      0.0013        30.0
      0.0007        30.0
      0.0006        30.0
      0.0040        30.0
      0.0042        30.0
      0.0008        30.0
      0.0169        30.0
      0.0062        30.0
      0.0037        30.0
      0.0021        30.0
      0.0021        30.0
      0.0001        30.0
      0.0013        30.0
      0.0050        30.0
      0.0009        30.0
      0.0211        30.0
      0.0073        30.0
      0.0245        30.0
      0.0014        30.0
      0.0091        30.0
      0.0023        30.0
      0.0102        30.0
      0.0002        30.0
      0.0001        30.0
      0.0020        30.0
      0.0060        30.0
      0.0002        30.0
      0.0006        30.0
      0.0076        30.0
      0.0037        30.0
      0.0050        30.0
      0.0021        30.0
      0.0025        30.0
      0.0039        30.0
      0.0036        30.0
      0.0050        30.0
      0.0062        30.0
      0.0023        30.0
      0.0084        30.0
      0.0017        30.0
      0.0006        30.0
      0.0050        30.0
      0.0032        30.0
      0.0076        30.0
      0.0009        30.0
      0.0021        30.0
      0.0027        30.0
      0.0001        30.0
      0.0017        30.0
      0.0135        30.0
      0.0244        30.0
      0.0011        30.0
      0.0010        30.0
      0.0007        30.0
      0.0010        30.0
      0.0004        30.0
      0.0003        30.0
      0.0018        30.0
      0.0001        30.0
      0.0001        30.0
      0.0060        30.0
      0.0129        30.0
      0.0021        30.0
      0.0253        30.0
      0.0229        30.0
      0.0151        30.0
      0.0016        30.0
      0.0044        30.0
      0.0013        30.0
      0.0166        30.0
      0.0046        30.0
      0.0075        30.0
      0.0046        30.0
      0.0003        30.0
      0.0097        30.0
      0.0001        30.0
      0.0091        30.0
      0.0102        30.0
      0.0032        30.0
      0.0183        30.0
      0.0008        30.0
      0.0004        30.0
      0.0031        30.0
      0.0014        30.0
      0.0008        30.0
      0.0003        30.0
      0.0013        30.0
      0.0018        30.0
      0.0021        30.0
      0.0011        30.0
      0.0016        30.0
      0.0015        30.0
      0.0092        30.0
      0.0024        30.0
      0.0006        30.0
      0.0004        30.0
      0.0006        30.0
      0.0228        30.0
      0.0010        30.0
      0.0001        30.0
      0.0028        30.0
      0.0011        30.0
      0.0282        30.0
      0.0056        30.0
      0.0070        30.0
      0.0027        30.0
      0.0020        30.0
      0.0021        30.0
      0.0007        30.0
      0.0034        30.0
      0.0001        30.0
      0.0177        30.0
      0.0103        30.0
      0.0008        30.0
      0.0013        30.0
      0.0026        30.0
      0.0021        30.0
      0.0134        30.0
      0.0001        30.0
      0.0087        30.0
      0.0018        30.0
      0.0002        30.0
      0.0001        30.0
      0.0094        30.0
      0.0030        30.0
      0.0009        30.0
      0.0003        30.0
      0.0002        30.0
      0.0033        30.0
      0.0030        30.0
      0.0025        30.0
      0.0035        30.0
      0.0022        30.0
      0.0003        30.0
      0.0172        30.0
      0.0021        30.0
      0.0008        30.0
      0.0056        30.0
      0.0024        30.0
      0.0195        30.0
      0.0024        30.0
      0.0003        30.0
      0.0012        30.0
      0.0004        30.0
      0.0009        30.0
      0.0001        30.0
      0.0235        30.0
      0.0046        30.0
      0.0023        30.0
      0.0092        30.0
      0.0012        30.0
      0.0008        30.0
      0.0006        30.0
      0.0040        30.0
      0.0066        30.0
      0.0013        30.0
      0.0041        30.0
      0.0005        30.0
      0.0006        30.0
      0.0042        30.0
      0.0001        30.0
      0.0034        30.0
      0.0028        30.0
      0.0312        30.0
      0.0251        30.0
      0.0188        30.0
      0.0031        30.0
      0.0036        30.0
      0.0014        30.0
      0.0018        30.0
      0.0056        30.0
      0.0005        30.0
      0.0021        30.0
      0.0003        30.0
      0.0048        30.0
      0.0028        30.0
      0.0026        30.0
      0.0094        30.0
      0.0012        30.0
      0.0019        30.0
      0.0082        30.0
      0.0051        30.0
      0.0110        30.0
      0.0048        30.0
      0.0010        30.0
      0.0007        30.0
      0.0013        30.0
      0.0031        30.0
      0.0094        30.0
      0.0024        30.0
      0.0214        30.0
      0.0110        30.0
      0.0002        30.0
      0.0007        30.0
      0.0001        30.0
      0.0001        30.0
      0.0369        30.0
      0.0049        30.0
      0.0003        30.0
      0.0068        30.0
      0.0086        30.0
      0.0001        30.0
      0.0001        30.0
      0.0076        30.0
      0.0031        30.0
      0.0009        30.0
      0.0023        30.0
      0.0001        30.0
      0.0004        30.0
      0.0154        30.0
      0.0050        30.0
      0.0026        30.0
      0.0128        30.0
      0.0031        30.0
      0.0066        30.0
      0.0009        30.0
      0.0005        30.0
      0.0042        30.0
      0.0039        30.0
      0.0046        30.0
      0.0037        30.0
      0.0013        30.0
      0.0005        30.0
      0.0076        30.0
      0.0115        30.0
      0.0017        30.0
      0.0004        30.0
      0.0002        30.0
      0.0008        30.0
      0.0070        30.0
      0.0012        30.0
      0.0023        30.0
      0.0010        30.0
      0.0007        30.0
      0.0044        30.0
      0.0064        30.0
      0.0012        30.0
      0.0005        30.0
      0.0176        30.0
      0.0010        30.0
      0.0010        30.0
      0.0015        30.0
      0.0015        30.0
      0.0003        30.0
      0.0048        30.0
      0.0129        30.0
      0.0121        30.0
      0.0001        30.0
      0.0046        30.0
      0.0152        30.0
      0.0074        30.0
      0.0150        30.0
      0.0057        30.0
      0.0029        30.0
      0.0024        30.0
      0.0081        30.0
      0.0084        30.0
      0.0017        30.0
      0.0143        30.0
      0.0078        30.0
      0.0013        30.0
      0.0026        30.0
      0.0003        30.0
      0.0006        30.0
      0.0019        30.0
      0.0027        30.0
      0.0050        30.0
      0.0159        30.0
      0.0035        30.0
      0.0032        30.0
      0.0001        30.0
      0.0002        30.0
      0.0097        30.0
      0.0169        30.0
      0.0046        30.0
      0.0020        30.0
      0.0008        30.0
      0.0005        30.0
      0.0005        30.0
      0.0013        30.0
      0.0013        30.0
      0.0003        30.0
      0.0128        30.0
      0.0010        30.0
      0.0016        30.0
      0.0050        30.0
      0.0010        30.0
      0.0016        30.0
      0.0029        30.0
      0.0129        30.0
      0.0024        30.0
      0.0023        30.0
      0.0017        30.0
      0.0122        30.0
      0.0004        30.0
      0.0012        30.0
      0.0098        30.0
      0.0007        30.0
      0.0051        30.0
      0.0003        30.0
      0.0064        30.0
      0.0050        30.0
      0.0025        30.0
      0.0171        30.0
      0.0063        30.0
      0.0018        30.0
      0.0235        30.0
      0.0058        30.0
      0.0082        30.0
      0.0054        30.0
      0.0076        30.0
      0.0052        30.0
      0.0006        30.0
      0.0013        30.0
      0.0075        30.0
      0.0097        30.0
      0.0024        30.0
      0.0097        30.0
      0.0056        30.0
      0.0020        30.0
      0.0007        30.0
      0.0020        30.0
      0.0113        30.0
      0.0004        30.0
      0.0097        30.0
      0.0015        30.0
      0.0025        30.0
      0.0001        30.0
      0.0018        30.0
      0.0079        30.0
      0.0025        30.0
      0.0028        30.0
      0.0007        30.0
      0.0008        30.0
      0.0060        30.0
      0.0054        30.0
      0.0010        30.0
      0.0106        30.0
      0.0183        30.0
      0.0007        30.0
      0.0110        30.0
      0.0053        30.0
      0.0035        30.0
      0.0029        30.0
      0.0013        30.0
      0.0027        30.0
      0.0070        30.0
      0.0003        30.0
      0.0128        30.0
      0.0273        30.0
      0.0006        30.0
      0.0006        30.0
      0.0046        30.0
      0.0096        30.0
      0.0020        30.0
      0.0020        30.0
      0.0004        30.0
      0.0007        30.0
      0.0030        30.0
      0.0006        30.0
      0.0034        30.0
      0.0005        30.0
      0.0003        30.0
      0.0136        30.0
      0.0001        30.0
      0.0003        30.0
      0.0091        30.0
      0.0093        30.0
      0.0093        30.0
      0.0010        30.0
      0.0018        30.0
      0.0011        30.0
      0.0036        30.0
      0.0026        30.0
      0.0056        30.0
      0.0006        30.0
      0.0031        30.0
      0.0118        30.0
      0.0123        30.0
      0.0119        30.0
      0.0080        30.0
      0.0042        30.0
      0.0070        30.0
      0.0081        30.0
      0.0034        30.0
      0.0016        30.0
      0.0012        30.0
      0.0142        30.0
      0.0044        30.0
      0.0045        30.0
      0.0038        30.0
      0.0001        30.0
      0.0012        30.0
      0.0063        30.0
      0.0012        30.0
      0.0007        30.0
      0.0004        30.0
      0.0015        30.0
      0.0009        30.0
      0.0015        30.0
      0.0065        30.0
      0.0001        30.0
      0.0124        30.0
      0.0049        30.0
      0.0013        30.0
      0.0024        30.0
      0.0061        30.0
      0.0002        30.0
      0.0002        30.0
      0.0015        30.0
      0.0020        30.0
      0.0050        30.0
      0.0067        30.0
      0.0013        30.0
      0.0018        30.0
      0.0010        30.0
      0.0010        30.0
      0.0088        30.0
      0.0038        30.0
      0.0197        30.0
      0.0106        30.0
      0.0121        30.0
      0.0012        30.0
      0.0066        30.0
      0.0103        30.0
      0.0017        30.0
      0.0007        30.0
      0.0020        30.0
      0.0027        30.0
      0.0002        30.0
      0.0008        30.0
      0.0003        30.0
      0.0002        30.0
      0.0083        30.0
      0.0020        30.0
      0.0026        30.0
      0.0008        30.0
      0.0001        30.0
      0.0001        30.0
      0.0044        30.0
      0.0021        30.0
      0.0001        30.0
      0.0082        30.0
      0.0116        30.0
      0.0034        30.0
      0.0006        30.0
      0.0006        30.0
      0.0035        30.0
      0.0044        30.0
      0.0024        30.0
      0.0064        30.0
      0.0027        30.0
      0.0011        30.0
      0.0010        30.0
      0.0011        30.0
      0.0001        30.0
      0.0001        30.0
      0.0121        30.0
      0.0131        30.0
      0.0024        30.0
      0.0022        30.0
      0.0019        30.0
      0.0038        30.0
      0.0106        30.0
      0.0030        30.0
      0.0016        30.0
      0.0033        30.0
      0.0034        30.0
      0.0108        30.0
      0.0024        30.0
      0.0002        30.0
      0.0005        30.0
      0.0024        30.0
      0.0012        30.0
      0.0005        30.0
      0.0004        30.0
      0.0006        30.0
      0.0033        30.0
      0.0001        30.0
      0.0024        30.0
      0.0230        30.0
      0.0020        30.0
      0.0046        30.0
      0.0120        30.0
      0.0110        30.0
      0.0005        30.0
      0.0073        30.0
      0.0084        30.0
      0.0067        30.0
      0.0242        30.0
      0.0023        30.0
      0.0007        30.0
      0.0011        30.0
      0.0108        30.0
      0.0118        30.0
      0.0070        30.0
      0.0047        30.0
      0.0270        30.0
      0.0020        30.0
      0.0019        30.0
      0.0023        30.0
      0.0019        30.0
      0.0045        30.0
      0.0035        30.0
      0.0004        30.0
      0.0020        30.0
      0.0012        30.0
      0.0017        30.0
      0.0026        30.0
      0.0054        30.0
      0.0018        30.0
      0.0059        30.0
      0.0084        30.0
      0.0082        30.0
      0.0030        30.0
      0.0009        30.0
      0.0042        30.0
      0.0009        30.0
      0.0101        30.0
      0.0081        30.0
      0.0024        30.0
      0.0035        30.0
      0.0009        30.0
      0.0032        30.0
      0.0045        30.0
      0.0057        30.0
      0.0041        30.0
      0.0047        30.0
      0.0036        30.0
      0.0018        30.0
      0.0072        30.0
      0.0027        30.0
      0.0024        30.0
      0.0096        30.0
      0.0046        30.0
      0.0027        30.0
      0.0006        30.0
      0.0007        30.0
      0.0166        30.0
      0.0003        30.0
      0.0031        30.0
      0.0010        30.0
      0.0017        30.0
      0.0008        30.0
      0.0027        30.0
      0.0008        30.0
      0.0027        30.0
      0.0008        30.0
      0.0008        30.0
      0.0005        30.0
      0.0001        30.0
      0.0002        30.0
      0.0031        30.0
      0.0017        30.0
      0.0007        30.0
      0.0007        30.0
      0.0020        30.0
      0.0014        30.0
      0.0022        30.0
      0.0090        30.0
      0.0016        30.0
      0.0014        30.0
      0.0004        30.0
      0.0025        30.0
      0.0037        30.0
      0.0032        30.0
      0.0034        30.0
      0.0001        30.0
      0.0007        30.0
      0.0006        30.0
      0.0014        30.0
      0.0006        30.0
      0.0078        30.0
      0.0003        30.0
      0.0006        30.0
      0.0090        30.0
      0.0041        30.0
      0.0012        30.0
      0.0001        30.0
      0.0118        30.0
      0.0079        30.0
      0.0026        30.0
      0.0046        30.0
      0.0055        30.0
      0.0020        30.0
      0.0013        30.0
      0.0018        30.0
      0.0081        30.0
      0.0047        30.0
      0.0143        30.0
      0.0024        30.0
      0.0002        30.0
      0.0181        30.0
      0.0011        30.0
      0.0041        30.0
      0.0010        30.0
      0.0010        30.0
      0.0049        30.0
      0.0090        30.0
      0.0048        30.0
      0.0010        30.0
      0.0024        30.0
      0.0001        30.0
      0.0118        30.0
      0.0005        30.0
      0.0054        30.0
      0.0009        30.0
      0.0045        30.0
      0.0028        30.0
      0.0007        30.0
      0.0017        30.0
      0.0079        30.0
      0.0007        30.0
      0.0006        30.0
      0.0017        30.0
      0.0041        30.0
      0.0001        30.0
      0.0014        30.0
      0.0021        30.0
      0.0248        30.0
      0.0010        30.0
      0.0052        30.0
      0.0188        30.0
      0.0013        30.0
      0.0001        30.0
      0.0006        30.0
      0.0359        30.0
      0.0014        30.0
      0.0033        30.0
      0.0014        30.0
      0.0010        30.0
      0.0050        30.0
      0.0082        30.0
      0.0022        30.0
      0.0002        30.0
      0.0001        30.0
      0.0030        30.0
      0.0018        30.0
      0.0005        30.0
      0.0005        30.0
      0.0039        30.0
      0.0008        30.0
      0.0002        30.0
      0.0048        30.0
      0.0114        30.0
      0.0037        30.0
      0.0011        30.0
      0.0006        30.0
      0.0212        30.0
      0.0023        30.0
      0.0010        30.0
      0.0017        30.0
      0.0004        30.0
      0.0010        30.0
      0.0001        30.0
      0.0002        30.0
      0.0031        30.0
      0.0029        30.0
      0.0070        30.0
      0.0101        30.0
      0.0023        30.0
      0.0046        30.0
      0.0069        30.0
      0.0009        30.0
      0.0004        30.0
      0.0026        30.0
      0.0170        30.0
      0.0035        30.0
      0.0082        30.0
      0.0014        30.0
      0.0012        30.0
      0.0005        30.0
      0.0002        30.0
      0.0002        30.0
      0.0002        30.0
      0.0001        30.0
      0.0031        30.0
      0.0007        30.0
      0.0014        30.0
      0.0004        30.0
      0.0013        30.0
      0.0020        30.0
      0.0130        30.0
      0.0042        30.0
      0.0033        30.0
      0.0009        30.0
      0.0012        30.0
      0.0023        30.0
      0.0018        30.0
      0.0012        30.0
      0.0020        30.0
      0.0001        30.0
      0.0030        30.0
      0.0027        30.0
      0.0033        30.0
      0.0054        30.0
      0.0032        30.0
      0.0112        30.0
      0.0063        30.0
      0.0013        30.0
      0.0040        30.0
      0.0001        30.0
      0.0001        30.0
      0.0018        30.0
      0.0022        30.0
      0.0099        30.0
      0.0033        30.0
      0.0034        30.0
      0.0150        30.0
      0.0022        30.0
      0.0037        30.0
      0.0020        30.0
      0.0014        30.0
      0.0164        30.0
      0.0145        30.0
      0.0094        30.0
      0.0076        30.0
      0.0313        30.0
      0.0017        30.0
      0.0038        30.0
      0.0022        30.0
      0.0011        30.0
      0.0017        30.0
      0.0032        30.0
      0.0041        30.0
      0.0016        30.0
      0.0037        30.0
      0.0013        30.0
      0.0004        30.0
      0.0001        30.0
      0.0027        30.0
      0.0010        30.0
      0.0052        30.0
      0.0059        30.0
      0.0008        30.0
      0.0001        30.0
      0.0010        30.0
      0.0004        30.0
      0.0027        30.0
      0.0009        30.0
      0.0160        30.0
      0.0016        30.0
      0.0005        30.0
      0.0002        30.0
      0.0024        30.0
      0.0018        30.0
      0.0115        30.0
      0.0041        30.0
      0.0004        30.0
      0.0008        30.0
      0.0019        30.0
      0.0053        30.0
      0.0033        30.0
      0.0109        30.0
      0.0007        30.0
      0.0069        30.0
      0.0005        30.0
      0.0002        30.0
      0.0004        30.0
      0.0037        30.0
      0.0005        30.0
      0.0005        30.0
      0.0024        30.0
      0.0017        30.0
      0.0003        30.0
      0.0008        30.0
      0.0104        30.0
      0.0004        30.0
      0.0036        30.0
      0.0013        30.0
      0.0003        30.0
      0.0026        30.0
      0.0036        30.0
      0.0018        30.0
      0.0016        30.0
      0.0078        30.0
      0.0093        30.0
      0.0104        30.0
      0.0007        30.0
      0.0020        30.0
      0.0055        30.0
      0.0061        30.0
      0.0021        30.0
      0.0011        30.0
      0.0081        30.0
      0.0027        30.0
      0.0001        30.0
      0.0003        30.0
      0.0021        30.0
      0.0003        30.0
      0.0023        30.0
      0.0002        30.0
      0.0024        30.0
      0.0076        30.0
      0.0026        30.0
      0.0019        30.0
      0.0102        30.0
      0.0226        30.0
      0.0116        30.0
      0.0102        30.0
      0.0005        30.0
      0.0041        30.0
      0.0055        30.0
      0.0012        30.0
      0.0012        30.0
      0.0012        30.0
      0.0016        30.0
      0.0004        30.0
      0.0005        30.0
      0.0074        30.0
      0.0025        30.0
      0.0129        30.0
      0.0008        30.0
      0.0029        30.0
      0.0084        30.0
      0.0007        30.0
      0.0009        30.0
      0.0113        30.0
      0.0006        30.0
      0.0035        30.0
      0.0007        30.0
      0.0020        30.0
      0.0001        30.0
      0.0094        30.0
      0.0020        30.0
      0.0031        30.0
      0.0046        30.0
      0.0018        30.0
      0.0027        30.0
      0.0013        30.0
      0.0005        30.0
      0.0003        30.0
      0.0015        30.0
      0.0002        30.0
      0.0044        30.0
      0.0042        30.0
      0.0118        30.0
      0.0004        30.0
      0.0004        30.0
      0.0074        30.0
      0.0171        30.0
      0.0036        30.0
      0.0090        30.0
      0.0220        30.0
      0.0022        30.0
      0.0070        30.0
      0.0092        30.0
      0.0082        30.0
      0.0001        30.0
      0.0027        30.0
      0.0034        30.0
